NA NA NA NA NA NA NA NA NA NA NA NA NA NA NA NA NA NA NA NA NA NA NA NA NA NA NA NA NA NA NA NA NA NA NA NA NA NA NA NA NA NA NA NA NA NA NA NA NA NA 12 12 12 NA NA NA NA NA NA NA NA NA NA NA NA NA NA NA NA NA NA NA NA NA NA NA NA NA NA NA NA NA NA NA NA NA NA NA NA NA NA NA NA NA NA NA NA NA NA NA NA NA NA NA NA NA NA NA NA NA NA NA NA NA NA NA NA NA NA NA NA NA NA NA NA NA NA NA NA NA NA NA NA NA NA NA NA NA NA NA NA NA NA NA NA NA NA NA NA NA NA NA NA NA NA NA NA NA NA NA NA NA NA NA NA NA NA NA NA NA NA NA NA NA NA NA NA NA NA NA NA NA NA NA NA NA NA NA NA NA NA NA NA NA NA NA NA NA NA NA NA NA NA NA NA NA NA NA NA NA NA NA NA NA NA NA NA NA NA NA NA NA NA NA NA NA NA NA NA NA NA NA NA NA NA NA NA NA NA NA NA NA NA NA NA NA NA NA NA NA NA 
NA NA NA NA NA NA NA NA NA NA NA NA NA NA NA NA NA NA NA NA NA NA NA NA NA NA NA NA NA NA NA NA NA NA NA NA NA NA NA NA NA NA NA NA 11 11 12 12 12 12 12 12 12 12 12 NA NA NA NA NA NA NA NA NA NA NA 13 13 13 13 13 14 14 NA NA NA 14 NA NA NA NA NA NA NA NA NA NA NA NA NA NA NA NA NA NA NA NA NA NA NA NA NA NA NA NA NA NA NA NA NA NA NA NA NA NA NA NA NA NA NA NA NA NA NA NA NA NA NA NA NA NA NA NA NA NA NA NA NA NA NA NA NA NA NA NA NA NA NA NA NA NA NA NA NA NA NA NA NA NA NA NA NA NA NA NA NA NA NA NA NA NA NA NA NA NA NA NA NA NA NA NA NA NA NA NA NA NA NA NA NA NA NA NA NA NA NA NA NA NA NA NA NA NA NA NA NA NA NA NA NA NA NA NA NA NA NA NA NA NA NA NA NA NA NA NA NA NA NA NA NA NA NA NA NA NA NA NA NA NA NA NA NA NA NA NA NA NA NA NA NA NA 
NA NA NA NA NA NA NA NA NA NA NA NA NA NA NA NA NA NA NA NA NA NA NA NA NA NA NA NA NA NA NA NA NA NA NA NA NA NA NA NA NA NA 11 11 11 11 12 12 12 12 12 12 12 12 12.5 12.25 13 NA NA NA NA NA 13 13 13 13 13 13 13 13 13 14 14 NA 14 14 14 14 14 NA 14 14 14 NA NA NA NA NA NA NA NA NA NA NA NA NA NA NA NA NA NA NA NA NA NA NA NA NA NA NA NA NA NA NA NA NA NA NA NA NA NA NA NA NA NA NA NA NA NA NA NA NA NA NA NA NA NA NA NA NA NA NA NA NA NA NA NA NA NA NA NA NA NA NA NA NA NA NA NA NA NA NA NA NA NA NA NA NA NA NA NA NA NA NA NA NA NA NA NA NA NA NA NA NA NA NA NA NA NA NA NA NA NA NA NA NA NA NA NA NA NA NA NA NA NA NA NA NA NA NA NA NA NA NA NA NA NA NA NA NA NA NA NA NA NA NA NA NA NA NA NA NA NA NA NA NA NA NA NA NA NA NA NA NA NA NA NA NA NA NA NA 
NA NA NA NA NA NA NA NA NA NA NA NA NA NA NA NA NA NA NA NA NA NA NA NA NA NA NA NA NA NA NA NA NA NA NA NA NA NA NA NA NA NA 11 11.25 11.75 11.75 12 12 12 12 12 12 12 12.75 13 13 13 13 13 13 13 13 13 13 13 13 13 13 13 13 13 14 14 14 14 14 14 14 14 14 14 14.25 14.75 15 15 NA NA NA NA NA NA NA NA NA NA NA NA NA NA NA NA NA NA NA NA NA NA NA NA NA NA NA NA NA NA NA NA NA NA NA NA NA NA NA NA NA NA NA NA NA NA NA NA NA NA NA NA NA NA NA NA NA NA NA NA NA NA NA NA NA NA NA NA NA NA NA NA NA NA NA NA NA NA NA NA NA NA NA NA NA NA NA NA NA NA NA NA NA NA NA NA NA NA NA NA NA NA NA NA NA NA NA NA NA NA NA NA NA NA NA NA NA NA NA NA NA NA NA NA NA NA NA NA NA NA NA NA NA NA NA NA NA NA NA NA NA NA NA NA NA NA NA NA NA NA NA NA NA NA NA NA NA NA NA NA NA NA NA NA NA NA 
NA NA NA NA NA NA NA NA NA NA NA NA NA NA NA NA NA NA NA NA NA NA NA NA NA NA NA NA NA NA NA NA NA NA NA NA NA NA NA NA NA NA 12 12 12 12 12 12 12 12 12 12.5 13 13 13 13 13 13 13 13 13 13 13 13 13 13 13 13 13 13 13 14 14 14 14 14 14 14 14 14 14.25 14.75 15 15 15 15 15 NA NA NA NA NA NA NA NA NA NA NA NA NA NA NA NA NA NA NA NA NA NA NA NA NA NA NA NA NA NA NA NA NA NA NA NA NA NA NA NA NA NA NA NA NA NA NA NA NA NA NA NA NA NA NA NA NA NA NA NA NA NA NA NA NA NA NA NA NA NA NA NA NA NA NA NA NA NA NA NA NA NA NA NA NA NA NA NA NA NA NA NA NA NA NA NA NA NA NA NA NA NA NA NA NA NA NA NA NA NA NA NA NA NA NA NA NA NA NA NA NA NA NA NA NA NA NA NA NA NA NA NA NA NA NA NA NA NA NA NA NA NA NA NA NA NA NA NA NA NA NA NA NA NA NA NA NA NA NA NA NA NA NA NA 
NA NA NA NA NA NA NA NA NA NA NA NA NA NA NA NA NA NA NA NA NA NA NA NA NA NA NA NA NA NA NA NA NA NA NA NA NA NA NA 11 11 11.5 12 12 12 12 12 12 12.25 13 12.75 13 13 13 13 13 13 13 13 13 13 13 13 13 13 13 13 13 13 13.5 14 14 14 14 14 14 14 14.25 14.25 14.75 15 15 15 15 15 15 15 15 NA NA NA NA NA NA NA NA NA NA NA NA NA NA NA NA NA NA NA NA NA NA NA NA NA NA NA NA NA NA NA NA NA NA NA NA NA NA NA NA NA NA NA NA NA NA NA NA NA NA NA NA NA NA NA NA NA NA NA NA NA NA NA NA NA NA NA NA NA NA NA NA NA NA NA NA NA NA NA NA NA NA NA NA NA NA NA NA NA NA NA NA NA NA NA NA NA NA NA NA NA NA NA NA NA NA NA NA NA NA NA NA NA NA NA NA NA NA NA NA NA NA NA NA NA NA NA NA NA NA NA NA NA NA NA NA NA NA NA NA NA NA NA NA NA NA NA NA NA NA NA NA NA NA NA NA NA NA NA NA NA NA NA 
NA NA NA NA NA NA NA NA NA NA NA NA NA NA NA NA NA NA NA NA NA NA NA NA NA NA NA NA NA NA NA NA NA NA NA NA NA NA NA 11.75 11.75 12 12 12 12 12 12.75 13 13 13 13 13 13 13 13 13 13 13 13 13 13 13 13 13 13 13 13 13.25 13.75 14 14 14 14 14 14 14 14.25 15 15 15 15 15 15 15 15 15 15 15 15 NA NA NA NA NA NA NA NA NA NA NA NA NA NA NA NA NA NA NA NA NA NA NA NA NA NA NA NA NA NA NA NA NA NA NA NA NA NA NA NA NA NA NA NA NA NA NA NA NA NA NA NA NA NA NA NA NA NA NA NA NA NA NA NA NA NA NA NA NA NA NA NA NA NA NA NA NA NA NA NA NA NA NA NA NA NA NA NA NA NA NA NA NA NA NA NA NA NA NA NA NA NA NA NA NA NA NA NA NA NA NA NA NA NA NA NA NA NA NA NA NA NA NA NA NA NA NA NA NA NA NA NA NA NA NA NA NA NA NA NA NA NA NA NA NA NA NA NA NA NA NA NA NA NA NA NA NA NA NA NA NA NA 
NA NA NA NA NA NA NA NA NA NA NA NA NA NA NA NA NA NA NA NA NA NA NA NA NA NA NA NA NA NA NA NA NA NA NA NA NA 11 12 12 12 12 12 12 12 12 13 13 13 13 13 13 13 13 13 13 13 13 13 13 13 13 13 13 13 13 13.5 14 14 14 14 14 14 14 14.25 14.5 14.75 15 15 15 15 15 15 15 15 15 15 15 15 15 NA NA NA NA NA NA NA NA NA NA NA NA NA NA NA NA NA NA NA NA NA NA NA NA NA NA NA NA NA NA NA NA NA NA NA NA NA NA NA NA NA NA NA NA NA NA NA NA NA NA NA NA NA NA NA NA NA NA NA NA NA NA NA NA NA NA NA NA NA NA NA NA NA NA NA NA NA NA NA NA NA NA NA NA NA NA NA NA NA NA NA NA NA NA NA NA NA NA NA NA NA NA NA NA NA NA NA NA NA NA NA NA NA NA NA NA NA NA NA NA NA NA NA NA NA NA NA NA NA NA NA NA NA NA NA NA NA NA NA NA NA NA NA NA NA NA NA NA NA NA NA NA NA NA NA NA NA NA NA NA NA 
NA NA NA NA NA NA NA NA NA NA NA NA NA NA NA NA NA NA NA NA NA NA NA NA NA NA NA NA NA NA NA NA 11 NA NA NA 11.33333 12 12 12 12 12 12 12 12 12 13 13 13 13 13 13 13 13 13 13 13 13 13 13 13 13 13.5 13.75 14 14 14 14 14 14 14 14 14 14.5 14.75 15 15 15 15 15 15 15 15 15 15 15 15 15 15 15.5 15.75 NA NA NA NA NA NA NA NA NA NA NA NA NA NA NA NA NA NA NA NA NA NA NA NA NA NA NA NA NA NA NA NA NA NA NA NA NA NA NA NA NA NA NA NA NA NA NA NA NA NA NA NA NA NA NA NA NA NA NA NA NA NA NA NA NA NA NA NA NA NA NA NA NA NA NA NA NA NA NA NA NA NA NA NA NA NA NA NA NA NA NA NA NA NA NA NA NA NA NA NA NA NA NA NA NA NA NA NA NA NA NA NA NA NA NA NA NA NA NA NA NA NA NA NA NA NA NA NA NA NA NA NA NA NA NA NA NA NA NA NA NA NA NA NA NA NA NA NA NA NA NA NA NA NA NA NA NA NA NA NA 
NA NA NA NA NA NA NA NA NA NA NA NA NA NA NA NA NA 11 11 NA NA NA NA NA NA NA NA NA NA NA 11 11 11 11 11 11.25 12 12 12 12 12 12 12 12 12 12 13 13 13 13 13 13 13 13 13 13 13 13 13 13 13.25 13.75 14 14 14 14 14 14 14 14 14 14 14.75 15 15 15 15 15 15 15 15 15 15 15 15 15 15 15 16 16 16 16 NA NA NA NA NA NA NA NA NA NA NA NA NA NA NA NA NA NA NA NA NA NA NA NA NA NA NA NA NA NA NA NA NA NA NA NA NA NA NA NA NA NA NA NA NA NA NA NA NA NA NA NA NA NA NA NA NA NA NA NA NA NA NA NA NA NA NA NA NA NA NA NA NA NA NA NA NA NA NA NA NA NA NA NA NA NA NA NA NA NA NA NA NA NA NA NA NA NA NA NA NA NA NA NA NA NA NA NA NA NA NA NA NA NA NA NA NA NA NA NA NA NA NA NA NA NA NA NA NA NA NA NA NA NA NA NA NA NA NA NA NA NA NA NA NA NA NA NA NA NA NA NA NA NA NA NA NA NA NA 
NA NA NA NA NA NA NA NA NA NA NA NA NA NA NA NA 11 11 11 11 NA NA NA NA NA NA NA NA 11 11 11 11 11 11.25 11.25 12 12 12 12 12 12 12 12 12 12 12 13 13 13 13 13 13 13 13 13 13 13 13 13.25 13.75 14 14 14 14 14 14 14 14 14 14 14 15 15 15 15 15 15 15 15 15 15 15 15 15 15 15.25 15.75 16 16 16 16 16 NA NA NA NA NA NA NA NA NA NA NA NA NA NA NA NA NA NA NA NA NA NA NA NA NA NA NA NA NA NA NA NA NA NA NA NA NA NA NA NA NA NA NA NA NA NA NA NA NA NA NA NA NA NA NA NA NA NA NA NA NA NA NA NA NA NA NA NA NA NA NA NA NA NA NA NA NA NA NA NA NA NA NA NA NA NA NA NA NA NA NA NA NA NA NA NA NA NA NA NA NA NA NA NA NA NA NA NA NA NA NA NA NA NA NA NA NA NA NA NA NA NA NA NA NA NA NA NA NA NA NA NA NA NA NA NA NA NA NA NA NA NA NA NA NA NA NA NA NA NA NA NA NA NA NA NA NA NA NA 
NA NA NA NA NA NA NA NA NA NA NA NA NA NA NA 11 11 11 11 11 11 NA NA 11 11 NA 11 11 NA 11 11 11 11.75 11.75 12 12 12 12 12 12 12 12 12 12 12 12 13 13 13 13 13 13 13 13 13 13 13 13.75 14 14 14 14 14 14 14 14 14 14 14 14 14 15 15 15 15 15 15 15 15 15 15 15 15 15.25 15.75 16 16 16 16 16 16 16 NA NA NA NA NA NA NA NA NA NA NA NA NA NA NA NA NA NA NA NA NA NA NA NA NA NA NA NA NA NA NA NA NA NA NA NA NA NA NA NA NA NA NA NA NA NA NA NA NA NA NA NA NA NA NA NA NA NA NA NA NA NA NA NA NA NA NA NA NA NA NA NA NA NA NA NA NA NA NA NA NA NA NA NA NA NA NA NA NA NA NA NA NA NA NA NA NA NA NA NA NA NA NA NA NA NA NA NA NA NA NA NA NA NA NA NA NA NA NA NA NA NA NA NA NA NA NA NA NA NA NA NA NA NA NA NA NA NA NA NA NA NA NA NA NA NA NA NA NA NA NA NA NA NA NA NA NA NA NA 
NA NA NA NA NA NA NA NA NA NA NA NA NA NA NA 11 11 11 11 11 11 11 11 11 11 11 11 11 11 11 11 11.75 12 12 12 12 12 12 12 12 12 12 12 12 12 12 13 13 13 13 13 13 13 13 13 13.25 14 14 14 14 14 14 14 14 14 14 14 14 14 14 14 15 15 15 15 15 15 15 15 15 15 15.75 16 16 16 16 16 16 16 16 16 16 16 16 NA NA NA NA NA NA NA NA NA NA NA NA NA NA NA NA NA NA NA NA NA NA NA NA NA NA NA NA NA NA NA NA NA NA NA NA NA NA NA NA NA NA NA NA NA NA NA NA NA NA NA NA NA NA NA NA NA NA NA NA NA NA NA NA NA NA NA NA NA NA NA NA NA NA NA NA NA NA NA NA NA NA NA NA NA NA NA NA NA NA NA NA NA NA NA NA NA NA NA NA NA NA NA NA NA NA NA NA NA NA NA NA NA NA NA NA NA NA NA NA NA NA NA NA NA NA NA NA NA NA NA NA NA NA NA NA NA NA NA NA NA NA NA NA NA NA NA NA NA NA NA NA NA NA NA NA NA 
NA NA NA NA NA NA NA NA NA NA NA NA 11 11 11 11 11 11 11 11 11 11 11 11 11 11 11 11 11 11 11.5 12 12 12 12 12 12 12 12 12 12 12 12 12 12 12 13 13 13 13 13 13 13 13 13.5 14 14 14 14 14 14 14 14 14 14 14 14 14 14 14 14 15 15 15 15 15 15 15 15 15.25 15.75 16 16 16 16 16 16 16 16 16 16 16 16 16 16 17 17 17 17 NA NA NA NA NA NA NA NA NA NA NA NA NA NA NA NA NA NA NA NA NA NA NA NA NA NA NA NA NA NA NA NA NA NA NA NA NA NA NA NA NA NA NA NA NA NA NA NA NA NA NA NA NA NA NA NA NA NA NA NA NA NA NA NA NA NA NA NA NA NA NA NA NA NA NA NA NA NA NA NA NA NA NA NA NA NA NA NA NA NA NA NA NA NA NA NA NA NA NA NA NA NA NA NA NA NA NA NA NA NA NA NA NA NA NA NA NA NA NA NA NA NA NA NA NA NA NA NA NA NA NA NA NA NA NA NA NA NA NA NA NA NA NA NA NA NA NA NA NA NA NA NA 
NA NA NA NA NA NA NA NA NA NA NA 11 11 11 11 11 11 11 11 11 11 11 11 11 11 11 11 11 11 11.5 12 12 12 12 12 12 12 12 12 12 12 12 12 12 12 12 13 13 13 13 13 13 13.25 14 14 14 14 14 14 14 14 14 14 14 14 14 14 14 14.25 14.75 15 15 15 15 15 15 15 15 15.5 16 16 16 16 16 16 16 16 16 16 16 16 16 16 16.5 17 17 17 17 17 17 NA NA NA NA NA NA NA NA NA NA NA NA NA NA NA NA NA NA NA NA NA NA NA NA NA NA NA NA NA NA NA NA NA NA NA NA NA NA NA NA NA NA NA NA NA NA NA NA NA NA NA NA NA NA NA NA NA NA NA NA NA NA NA NA NA NA NA NA NA NA NA NA NA NA NA NA NA NA NA NA NA NA NA NA NA NA NA NA NA NA NA NA NA NA NA NA NA NA NA NA NA NA NA NA NA NA NA NA NA NA NA NA NA NA NA NA NA NA NA NA NA NA NA NA NA NA NA NA NA NA NA NA NA NA NA NA NA NA NA NA NA NA NA NA NA NA NA NA NA NA NA 
NA NA NA NA NA 11 11 NA NA NA NA 11 11 11 11 11 11 11 11 11 11 11 11 11 11 11 11 11.25 12 12 12 12 12 12 12 12 12 12 12 12 12 12 12 12 12 12 13 13 13 13 13 13.75 14 14 14 14 14 14 14 14 14 14 14 14 14 14 14 14.75 15 15 15 15 15 15 15 15 15.5 15.25 15.75 16 16 16 16 16 16 16 16 16 16 16 16 16.5 17 17 17 17 17 17 17 17 17 NA NA NA NA NA NA NA NA NA NA NA NA NA NA NA NA NA NA NA NA NA NA NA NA NA NA NA NA NA NA NA NA NA NA NA NA NA NA NA NA NA NA NA NA NA NA NA NA NA NA NA NA NA NA NA NA NA NA NA NA NA NA NA NA NA NA NA NA NA NA NA NA NA NA NA NA NA NA NA NA NA NA NA NA NA NA NA NA NA NA NA NA NA NA NA NA NA NA NA NA NA NA NA NA NA NA NA NA NA NA NA NA NA NA NA NA NA NA NA NA NA NA NA NA NA NA NA NA NA NA NA NA NA NA NA NA NA NA NA NA NA NA NA NA NA NA NA NA NA NA 
NA NA NA 11 11 11 11 11 11 11 11 11 11 11 11 11 11 11 11 11 11 11 11 11 11 11 11.25 12 12 12 12 12 12 12 12 12 12 12 12 12 12 12 12 12 12 12 13 13 13 13.25 14 14 14 14 14 14 14 14 14 14 14 14 14 14 14.5 14.75 15 15 15 15 15 15 15 15 15.5 15.75 16 16 16 16 16 16 16 16 16 16 16 16 16 16.25 17 17 17 17 17 17 17 17 17 17 17 NA NA NA NA NA NA NA NA NA NA NA NA NA NA NA NA NA NA NA NA NA NA NA NA NA NA NA NA NA NA NA NA NA NA NA NA NA NA NA NA NA NA NA NA NA NA NA NA NA NA NA NA NA NA NA NA NA NA NA NA NA NA NA NA NA NA NA NA NA NA NA NA NA NA NA NA NA NA NA NA NA NA NA NA NA NA NA NA NA NA NA NA NA NA NA NA NA NA NA NA NA NA NA NA NA NA NA NA NA NA NA NA NA NA NA NA NA NA NA NA NA NA NA NA NA NA NA NA NA NA NA NA NA NA NA NA NA NA NA NA NA NA NA NA NA NA NA NA NA NA 
10 10 10 11 11 11 11 11 11 11 11 11 11 11 11 11 11 11 11 11 11.5 11 11 11 11 11 11.5 12 12 12 12 12 12 12 12 12 12 12 12 12 12 12 12 12 12.25 12.5 13 13 13 14 14 14 14 14 14 14 14 14 14 14 14 14 14 14.25 15 15 15 15 15 15 15 15 15 15.25 16 16 16 16 16 16 16 16 16 16 16 16 16 16.25 16.75 17 17 17 17 17 17 17 17 17 17 17 17 17 NA 17.5 17.75 18 NA NA NA NA NA NA NA NA NA NA NA NA NA NA NA NA NA NA NA NA NA NA NA NA NA NA NA NA NA NA NA NA NA NA NA NA NA NA NA NA NA NA NA NA NA NA NA NA NA NA NA NA NA NA NA NA NA NA NA NA NA NA NA NA NA NA NA NA NA NA NA NA NA NA NA NA NA NA NA NA NA NA NA NA NA NA NA NA NA NA NA NA NA NA NA NA NA NA NA NA NA NA NA NA NA NA NA NA NA NA NA NA NA NA NA NA NA NA NA NA NA NA NA NA NA NA NA NA NA NA NA NA NA NA NA NA NA NA NA NA NA NA NA NA NA 
NA 10 10.25 11 11 11 11 11 11 11 11 11 11 11 11 11 11 11 11 11.25 12 11 11 11 11 11 11.5 12 12 12 12 12 12 12 12 12 12 12 12 12 12 12 12 12.25 13 13 13 13 13.75 14 14 14 14 14 14 14 14 14 14 14 14 14.25 14.75 15 15 15 15 15 15 15 15 15 15 15.75 16 16 16 16 16 16 16 16 16 16 16 16.25 16.75 17 17 17 17 17 17 17 17 17 17 17 17 17 17 17.25 17.75 18 18 18 NA NA NA NA NA NA NA NA NA NA NA NA NA NA NA NA NA NA NA NA NA NA NA NA NA NA NA NA NA NA NA NA NA NA NA NA NA NA NA NA NA NA NA NA NA NA NA NA NA NA NA NA NA NA NA NA NA NA NA NA NA NA NA NA NA NA NA NA NA NA NA NA NA NA NA NA NA NA NA NA NA NA NA NA NA NA NA NA NA NA NA NA NA NA NA NA NA NA NA NA NA NA NA NA NA NA NA NA NA NA NA NA NA NA NA NA NA NA NA NA NA NA NA NA NA NA NA NA NA NA NA NA NA NA NA NA NA NA NA NA NA NA NA NA NA 
NA 10 10 10.75 11 11 11 11 11 11 11 11 11 11 11 11 11 11 11 12 12 11 11 11 11 11.5 12 12 12 12 12 12 12 12 12 12 12 12 12 12 12 12 12.25 13 13 13 13.25 14 14 14 14 14 14 14 14 14 14 14 14 14 14 15 15 15 15 15 15 15 15 15 15 15.25 15.75 16 16 16 16 16 16 16 16 16 16 16 16.25 16.75 17 17 17 17 17 17 17 17 17 17 17 17 17 17.5 17.75 18 18 18 18 18 18 18 NA NA NA NA NA NA NA NA NA NA NA NA NA NA NA NA NA NA NA NA NA NA NA NA NA NA NA NA NA NA NA NA NA NA NA NA NA NA NA NA NA NA NA NA NA NA NA NA NA NA NA NA NA NA NA NA NA NA NA NA NA NA NA NA NA NA NA NA NA NA NA NA NA NA NA NA NA NA NA NA NA NA NA NA NA NA NA NA NA NA NA NA NA NA NA NA NA NA NA NA NA NA NA NA NA NA NA NA NA NA NA NA NA NA NA NA NA NA NA NA NA NA NA NA NA NA NA NA NA NA NA NA NA NA NA NA NA NA NA NA NA NA NA 
NA NA 10 10 11 11 11 11 11 11 11 11 11 11 11 11 11 11 11.5 12 12 11 11 11 11 11.75 12 12 12 12 12 12 12 12 12 12 12 12 12 12 12 12.5 13 13 13 13 14 14 14 14 14 14 14 14 14 14 14 14 14 14 14.75 15 15 15 15 15 15 15 15 15 15 16 16 16 16 16 16 16 16 16 16 16 16 16.5 17 17 17 17 17 17 17 17 17 17 17 17 17 17.5 18 18 18 18 18 18 18 18 18 18 18 NA NA NA NA NA NA NA NA NA NA NA NA NA NA NA NA NA NA NA NA NA NA NA NA NA NA NA NA NA NA NA NA NA NA NA NA NA NA NA NA NA NA NA NA NA NA NA NA NA NA NA NA NA NA NA NA NA NA NA NA NA NA NA NA NA NA NA NA NA NA NA NA NA NA NA NA NA NA NA NA NA NA NA NA NA NA NA NA NA NA NA NA NA NA NA NA NA NA NA NA NA NA NA NA NA NA NA NA NA NA NA NA NA NA NA NA NA NA NA NA NA NA NA NA NA NA NA NA NA NA NA NA NA NA NA NA NA NA NA NA NA NA 
NA NA 10.5 10.75 11 11 11 11 11 11 11 11 11 11 11 11 11.5 11.5 11.75 12 12 11.5 11.5 11.5 11.5 12 12.5 12.5 12.5 12.5 12.5 12.5 12.5 12.5 12.5 12.5 12.5 12.75 13 13 13 13.25 13.5 13.5 13.5 13.5 14 14 14 14 14 14 14.25 14.5 14.5 14.5 14.5 14.5 14.5 15 15 15 15 15 15 15.25 15.5 15.5 15.5 15.5 15.5 15.5 15.5 15.5 15.75 16 16 16 16 16 16 16 16.5 16.5 16.5 16.5 16.5 16.5 16.75 17 17 17 17 17 17 17.25 17.5 17.5 17.5 17.5 17.5 17.5 17.5 17.5 18 18 18 18 18 18 NA NA NA NA NA NA NA NA NA NA NA NA NA NA NA NA NA NA NA NA NA NA NA NA NA NA NA NA NA NA NA NA NA NA NA NA NA NA NA NA NA NA NA NA NA NA NA NA NA NA NA NA NA NA NA NA NA NA NA NA NA NA NA NA NA NA NA NA NA NA NA NA NA NA NA NA NA NA NA NA NA NA NA NA NA NA NA NA NA NA NA NA NA NA NA NA NA NA NA NA NA NA NA NA NA NA NA NA NA NA NA NA NA NA NA NA NA NA NA NA NA NA NA NA NA NA NA NA NA NA NA NA NA NA NA NA NA NA NA NA NA 
NA NA 11 11 11 11 11 11 11 11 11 11 11 11 11 11.25 12 12 12 12 12 12 12 12.25 12.75 12.5 13 13 13 13 13 13 13 13 13 13 13.25 14 14 14 14 14 14 14 14 14 14 14 14 14 14 14 15 15 15 15 15 15 15 15 15 15 15 15 15.75 16 16 16 16 16 16 15 15 15.25 16 16 16 16 16 16 16 16 16 16 16 16 16.25 16.75 17 17 17 17 17 17 17 17 17 17 17 17 17 17.25 17.5 18 18 18 18 18 18 18 NA NA NA NA NA NA NA NA NA NA NA NA NA NA NA NA NA NA NA NA NA NA NA NA NA NA NA NA NA NA NA NA NA NA NA NA NA NA NA NA NA NA NA NA NA NA NA NA NA NA NA NA NA NA NA NA NA NA NA NA NA NA NA NA NA NA NA NA NA NA NA NA NA NA NA NA NA NA NA NA NA NA NA NA NA NA NA NA NA NA NA NA NA NA NA NA NA NA NA NA NA NA NA NA NA NA NA NA NA NA NA NA NA NA NA NA NA NA NA NA NA NA NA NA NA NA NA NA NA NA NA NA NA NA NA NA NA NA NA NA NA 
NA NA 11 11 11 11 11 11 11 11 11 11 11 11 11 11.75 12 12 12 12 12 12 12 12.75 13 13 13 13 13 13 13 13 13 13 13 13.25 14 14 14 14 14 14 14 14 14 14 14 14 14 14 14.25 15 15 15 15 15 15 15 15 15 15 15 15 15.5 16 16 16 16 16 16 16 15.5 15.75 16 16 16 16 16 16 16 16 16 16 16 16.25 16.75 17 17 17 17 17 17 17 17 17 17 17 17 17 17.25 17.75 18 18 18 18 18 18 18 18 18 18 NA NA NA NA NA NA NA NA NA NA NA NA NA NA NA NA NA NA NA NA NA NA NA NA NA NA NA NA NA NA NA NA NA NA NA NA NA NA NA NA NA NA NA NA NA NA NA NA NA NA NA NA NA NA NA NA NA NA NA NA NA NA NA NA NA NA NA NA NA NA NA NA NA NA NA NA NA NA NA NA NA NA NA NA NA NA NA NA NA NA NA NA NA NA NA NA NA NA NA NA NA NA NA NA NA NA NA NA NA NA NA NA NA NA NA NA NA NA NA NA NA NA NA NA NA NA NA NA NA NA NA NA NA NA NA NA NA NA NA NA 
NA NA NA 11 11 11 11 11 11 11 11 11 11 11 11 12 12 12 12 12 12 12 12.25 13 13 13 13 13 13 13 13 13 13 13 13 13.75 14 14 14 14 14 14 14 14 14 14 14 14 14 14.25 15 15 15 15 15 15 15 15 15 15 15 15 15.25 16 16 16 16 16 16 16 16 16 16 16 16 16 16 16 16 16 16 16 16.25 16.75 17 17 17 17 17 17 17 17 17 17 17 17 17 17.5 18 18 18 18 18 18 18 18 18 18 18 18 18 18 NA NA NA NA NA NA 19 NA NA NA NA NA NA NA NA NA NA NA NA NA NA NA NA NA NA NA NA NA NA NA NA NA NA NA NA NA NA NA NA NA NA NA NA NA NA NA NA NA NA NA NA NA NA NA NA NA NA NA NA NA NA NA NA NA NA NA NA NA NA NA NA NA NA NA NA NA NA NA NA NA NA NA NA NA NA NA NA NA NA NA NA NA NA NA NA NA NA NA NA NA NA NA NA NA NA NA NA NA NA NA NA NA NA NA NA NA NA NA NA NA NA NA NA NA NA NA NA NA NA NA NA NA NA NA NA NA NA NA NA 
NA NA NA NA 11 11 11 11 11 11 11 11 11 11 11.25 12 12 12 12 12 12 12.25 12.75 13 13 13 13 13 13 13 13 13 13 13 13.5 14 14 14 14 14 14 14 14 14 14 14 14 14 14.25 15 15 15 15 15 15 15 15 15 15 15 15.25 16 16 16 16 16 16 16 16 16 16 16 16 16 16 16 16 16 16 16 16 16.25 17 17 17 17 17 17 17 17 17 17 17 17 17.5 18 18 18 18 18 18 18 18 18 18 18 18 18 18 18.25 18.75 19 19 NA NA NA NA 19 19 19 NA NA NA NA NA NA NA NA NA NA NA NA NA NA NA NA NA NA NA NA NA NA NA NA NA NA NA NA NA NA NA NA NA NA NA NA NA NA NA NA NA NA NA NA NA NA NA NA NA NA NA NA NA NA NA NA NA NA NA NA NA NA NA NA NA NA NA NA NA NA NA NA NA NA NA NA NA NA NA NA NA NA NA NA NA NA NA NA NA NA NA NA NA NA NA NA NA NA NA NA NA NA NA NA NA NA NA NA NA NA NA NA NA NA NA NA NA NA NA NA NA NA NA NA NA NA NA NA NA NA NA 
NA NA NA NA NA 11 11 11 11 11 11 11 11 11.25 11.75 12 12 12 12 12 12 12.75 13 13 13 13 13 13 13 13 13 13 13 13 14 14 14 14 14 14 14 14 14 14 14 14 14 14 14.75 15 15 15 15 15 15 15 15 15 15 15.25 16 16 16 16 16 16 16 16 16 16 16 16 16 16 16 16 16 16 16 16.25 17 17 17 17 17 17 17 17 17 17 17 17.25 17.75 18 18 18 18 18 18 18 18 18 18 18 18 18 18 18.5 19 19 19 19 19 19 19 19 19 19 19 19 NA NA NA NA NA NA NA NA NA NA NA NA NA NA NA NA NA NA NA NA NA NA NA NA NA NA NA NA NA NA NA NA NA NA NA NA NA NA NA NA NA NA NA NA NA NA NA NA NA NA NA NA NA NA NA NA NA NA NA NA NA NA NA NA NA NA NA NA NA NA NA NA NA NA NA NA NA NA NA NA NA NA NA NA NA NA NA NA NA NA NA NA NA NA NA NA NA NA NA NA NA NA NA NA NA NA NA NA NA NA NA NA NA NA NA NA NA NA NA NA NA NA NA NA NA NA NA NA NA NA NA 
NA NA NA NA NA 11 11 11 11 11 11 11 11 11.75 12 12 12 12 12 12 12 13 13 13 13 13 13 13 13 13 13 13 13 13 14 14 14 14 14 14 14 14 14 14 14 14.5 14 14 15 15 15 15 15 15 15 15 15 15 15.25 15.75 16 16 16 16 16 16 16 16 16 16 16.5 16 16 16 16 16 16 16.25 16.75 17 17 17 17 17 17 17 17 17 17 17.25 17.75 18 18 18 18 18 18 18 18 18 18 18 18 18 18.25 18.75 19 19 19 19 19 19 19 19 19 19 19 19 19 NA NA NA NA NA NA NA NA NA NA NA NA NA NA NA NA NA NA NA NA NA NA NA NA NA NA NA NA NA NA NA NA NA NA NA NA NA NA NA NA NA NA NA NA NA NA NA NA NA NA NA NA NA NA NA NA NA NA NA NA NA NA NA NA NA NA NA NA NA NA NA NA NA NA NA NA NA NA NA NA NA NA NA NA NA NA NA NA NA NA NA NA NA NA NA NA NA NA NA NA NA NA NA NA NA NA NA NA NA NA NA NA NA NA NA NA NA NA NA NA NA NA NA NA NA NA NA NA NA NA NA NA 
NA NA NA NA NA 11 11 11 11 11 11 11 11.25 12 12 12 12 12 12 12 12 13 13 13 13 13 13 13 13 13 13 13 13.5 13 13.75 14 14 14 14 14 14 14 14 14.25 15 15 14.75 15 15 15 15 15 15 15 15 15 15.25 16 16 16 16 16 16 16 16 16 16 16 16.25 16.75 17 16 16 16 16 16.25 16.75 17 17 17 17 17 17 17 17 17 17 17.25 17.75 18 18 18 18 18 18 18 18 18 18 18 18 18 18.5 19 19 19 19 19 19 19 19 19 19 19 19 19 19.25 19.5 20 NA NA NA NA NA NA NA NA NA NA NA NA NA NA NA NA NA NA NA NA NA NA NA NA NA NA NA NA NA NA NA NA NA NA NA NA NA NA NA NA NA NA NA NA NA NA NA NA NA NA NA NA NA NA NA NA NA NA NA NA NA NA NA NA NA NA NA NA NA NA NA NA NA NA NA NA NA NA NA NA NA NA NA NA NA NA NA NA NA NA NA NA NA NA NA NA NA NA NA NA NA NA NA NA NA NA NA NA NA NA NA NA NA NA NA NA NA NA NA NA NA NA NA NA NA NA NA NA NA NA NA NA 
NA NA NA NA NA NA 11 11 11 11 11 11 11.75 12 12 12 12 12 12 12 12 13 13 13 13 13 13 13 13 13 13 13.25 14 14 14 14 14 14 14 14 14 14 14.5 15 15 15 15 15 15 15 15 15 15 15 15 15.25 16 16 16 16 16 16 16 16 16 16 16 16.5 17 17 17 16 16 16 16.25 17 17 17 17 17 17 17 17 17 17 17 17.5 18 18 18 18 18 18 18 18 18 18 18 18 18.25 18.5 19 19 19 19 19 19 19 19 19 19 19 19 19 19.5 19.75 20 20 20 NA NA NA NA NA NA NA NA NA NA NA NA NA NA NA NA NA NA NA NA NA NA NA NA NA NA NA NA NA NA NA NA NA NA NA NA NA NA NA NA NA NA NA NA NA NA NA NA NA NA NA NA NA NA NA NA NA NA NA NA NA NA NA NA NA NA NA NA NA NA NA NA NA NA NA NA NA NA NA NA NA NA NA NA NA NA NA NA NA NA NA NA NA NA NA NA NA NA NA NA NA NA NA NA NA NA NA NA NA NA NA NA NA NA NA NA NA NA NA NA NA NA NA NA NA NA NA NA NA NA NA NA 
NA NA NA NA NA NA NA 11 11 11 11 11 11.5 12 12 12 12 12 12 12 12 13 13 13 13 13 13 13 13 13 13.25 14 14 14 14 14 14 14 14 14 14 14 14.75 15 15 15 15 15 15 15 15 15 15 15 15.25 16 16 16 16 16 16 16 16 16 16 16 16.75 17 17 17 17 16 16.25 16.75 17 17 17 17 17 17 17 17 17 17 17.5 18 18 18 18 18 18 18 18 18 18 18 18 18.25 18.75 19 19 19 19 19 19 19 19 19 19 19 19 19.5 19.75 20 20 20 20 20 20 NA NA NA NA NA NA NA NA NA NA NA NA NA NA NA NA NA NA NA NA NA NA NA NA NA NA NA NA NA NA NA NA NA NA NA NA NA NA NA NA NA NA NA NA NA NA NA NA NA NA NA NA NA NA NA NA NA NA NA NA NA NA NA NA NA NA NA NA NA NA NA NA NA NA NA NA NA NA NA NA NA NA NA NA NA NA NA NA NA NA NA NA NA NA NA NA NA NA NA NA NA NA NA NA NA NA NA NA NA NA NA NA NA NA NA NA NA NA NA NA NA NA NA NA NA NA NA NA NA NA NA NA 
NA NA NA NA NA NA NA NA NA 11 11 11.5 12 12 12 12 12 12 12 12 12 13 13 13 13 13 13 13 13 13 14 14 14 14 14 14 14 14 14 14 14 14.5 15 15 15 15 15 15 15 15 15 15 15 15 15.75 16 16 16 16 16 16 16 16 16 16 16.75 17 17 17 17 17 16.75 17 17 17 17 17 17 17 17 17 17 17.5 18 18 18 18 18 18 18 18 18 18 18 18.25 18.75 18.75 19 19 19 19 19 19 19 19 19 19 19 19 19.5 20 20 20 20 20 20 20 20 20 NA NA NA NA NA NA NA NA NA NA NA NA NA NA NA NA NA NA NA NA NA NA NA NA NA NA NA NA NA NA NA NA NA NA NA NA NA NA NA NA NA NA NA NA NA NA NA NA NA NA NA NA NA NA NA NA NA NA NA NA NA NA NA NA NA NA NA NA NA NA NA NA NA NA NA NA NA NA NA NA NA NA NA NA NA NA NA NA NA NA NA NA NA NA NA NA NA NA NA NA NA NA NA NA NA NA NA NA NA NA NA NA NA NA NA NA NA NA NA NA NA NA NA NA NA NA NA NA NA NA NA NA 
NA NA NA NA NA NA NA NA 11 11 11.5 12 12 12 12 12 12 12 12 12 12 13 13 13 13 13 13 13 13 13.75 14 14 14 14 14 14 14 14 14 14 14 14.5 15 15 15 15 15 15 15 15 15 15 15 15.5 16 16 16 16 16 16 16 16 16 16.25 17 17 17 17 17 17 17 17 17 17 17 17 17 17 17 17 17 17.5 18 18 18 18 18 18 18 18 18 18 18.25 18.75 19 19 19 19 19 19 19 19 19 19 19 19 19.25 19.75 20 20 20 20 20 20 20 20 20 20 20 NA NA NA NA NA NA NA NA NA NA NA NA NA NA NA NA NA NA NA NA NA NA NA NA NA NA NA NA NA NA NA NA NA NA NA NA NA NA NA NA NA NA NA NA NA NA NA NA NA NA NA NA NA NA NA NA NA NA NA NA NA NA NA NA NA NA NA NA NA NA NA NA NA NA NA NA NA NA NA NA NA NA NA NA NA NA NA NA NA NA NA NA NA NA NA NA NA NA NA NA NA NA NA NA NA NA NA NA NA NA NA NA NA NA NA NA NA NA NA NA NA NA NA NA NA NA NA NA NA NA NA NA 
NA NA NA NA NA NA NA 11 11 11 11.75 12 12 12 12 12 12 12 12 12 12 13 13 13 13 13 13 13 13.75 14 14 14 14 14 14 14 14 14 14 14.25 14.5 14.75 15 15 15 15 15 15 15 15 15 15.25 16 16 16 16 16 16 16 16 16 16 16.25 17 17 17 17 17 17 17 17 17 17 17 17 17 17 17 17 17.25 17.75 18 18 18 18 18 18 18 18 18 18.25 18.75 19 19 19 19 19 19 19 19 19 19 19 19 19.5 20 20 20 20 20 20 20 20 20 20 20 20 20.25 NA NA NA NA NA NA NA NA NA NA NA NA NA NA NA NA NA NA NA NA NA NA NA NA NA NA NA NA NA NA NA NA NA NA NA NA NA NA NA NA NA NA NA NA NA NA NA NA NA NA NA NA NA NA NA NA NA NA NA NA NA NA NA NA NA NA NA NA NA NA NA NA NA NA NA NA NA NA NA NA NA NA NA NA NA NA NA NA NA NA NA NA NA NA NA NA NA NA NA NA NA NA NA NA NA NA NA NA NA NA NA NA NA NA NA NA NA NA NA NA NA NA NA NA NA NA NA NA NA NA NA NA NA 
NA NA NA NA NA 11 11 11 11 11 11.75 12 12 12 12 12 12 12 12 12 12 13 13 13 13 13 13 13.25 14 14 14 14 14 14 14 14 14 14 14.25 15 15 15 15 15 15 15 15 15 15 15 15.25 16 16 16 16 16 16 16 16 16 16 16.5 17 17 17 17 17 17 17 17 17 17 17 17 17 17 17 17 17.75 18 18 18 18 18 18 18 18 18 18.25 18.75 19 19 19 19 19 19 19 19 19 19 19 19 19.5 20 20 20 20 20 20 20 20 20 20 20 20 20.5 21 NA NA NA NA NA NA NA NA NA NA NA NA NA NA NA NA NA NA NA NA NA NA NA NA NA NA NA NA NA NA NA NA NA NA NA NA NA NA NA NA NA NA NA NA NA NA NA NA NA NA NA NA NA NA NA NA NA NA NA NA NA NA NA NA NA NA NA NA NA NA NA NA NA NA NA NA NA NA NA NA NA NA NA NA NA NA NA NA NA NA NA NA NA NA NA NA NA NA NA NA NA NA NA NA NA NA NA NA NA NA NA NA NA NA NA NA NA NA NA NA NA NA NA NA NA NA NA NA NA NA NA NA NA NA 
NA NA NA NA NA NA 11 11 11 11.25 12 12 12 12 12 12 12 12 12 12 12 13 13 13 13 13 13.25 14 14 14 14 14 14 14 14 14 14 14 15 15 15 15 15 15 15 15 15 15 15 15 15.75 16 16 16 16 16 16 16 16 16.25 17 17 17 17 17 17 17 17 17 17 17.5 17 17 17 17 17 17.5 18 18 18 18 18 18 18 18 18 18.25 18.75 19 19 19 19 19 19 19 19 19 19 19 19.25 19.75 20 20 20 20 20 20 20 20 20 20 20 20 20.5 21 21 21 NA NA NA NA NA NA NA NA NA NA NA NA NA NA NA NA NA NA NA NA NA NA NA NA NA NA NA NA NA NA NA NA NA NA NA NA NA NA NA NA NA NA NA NA NA NA NA NA NA NA NA NA NA NA NA NA NA NA NA NA NA NA NA NA NA NA NA NA NA NA NA NA NA NA NA NA NA NA NA NA NA NA NA NA NA NA NA NA NA NA NA NA NA NA NA NA NA NA NA NA NA NA NA NA NA NA NA NA NA NA NA NA NA NA NA NA NA NA NA NA NA NA NA NA NA NA NA NA NA NA NA NA NA NA 
NA NA NA NA NA 11 11 11 11 12 12 12 12 12 12 12 12 12 12 12 12 13 13 13 13 13 14 14 14 14 14 14 14 14 14 14 14 14.75 15 15 15 15 15 15 15 15 15 15 15.25 16 16 16 16 16 16 16 16 16 16.25 17 17 17 17 17 17 17 17 17 17 17.75 18 17 17 17 17 17.75 18 18 18 18 18 18 18 18 18 18.5 19 19 19 19 19 19 19 19 19 19 19 19.25 19.75 20 20 20 20 20 20 20 20 20 20 20 20.25 20.75 21 21 21 21 21 21 21 NA NA NA NA NA NA NA NA NA NA NA NA NA NA NA NA NA NA NA NA NA NA NA NA NA NA NA NA NA NA NA NA NA NA NA NA NA NA NA NA NA NA NA NA NA NA NA NA NA NA NA NA NA NA NA NA NA NA NA NA NA NA NA NA NA NA NA NA NA NA NA NA NA NA NA NA NA NA NA NA NA NA NA NA NA NA NA NA NA NA NA NA NA NA NA NA NA NA NA NA NA NA NA NA NA NA NA NA NA NA NA NA NA NA NA NA NA NA NA NA NA NA NA NA NA NA NA NA NA NA NA NA 
NA NA NA NA 11 11 11 11 11.75 12 12 12 12 12 12 12 12 12 12 12 12 13 13 13 13 13.75 14 14 14 14 14 14 14 14 14 14 14.75 15 15 15 15 15 15 15 15 15 15 15.75 16 16 16 16 16 16 16 16 16 16.25 17 17 17 17 17 17 17 17 17 17.25 17.75 18 18 17 17 17.25 18 18 18 18 18 18 18 18 18 18.25 19 19 19 19 19 19 19 19 19 19 19.25 19.75 19.75 20 20 20 20 20 20 20 20 20 20 20 20.5 20.75 21 21 21 21 21 21 21 21 21 21 NA NA NA NA NA NA NA NA NA NA NA NA NA NA NA NA NA NA NA NA NA NA NA NA NA NA NA NA NA NA NA NA NA NA NA NA NA NA NA NA NA NA NA NA NA NA NA NA NA NA NA NA NA NA NA NA NA NA NA NA NA NA NA NA NA NA NA NA NA NA NA NA NA NA NA NA NA NA NA NA NA NA NA NA NA NA NA NA NA NA NA NA NA NA NA NA NA NA NA NA NA NA NA NA NA NA NA NA NA NA NA NA NA NA NA NA NA NA NA NA NA NA NA NA NA NA NA NA NA NA NA 
NA NA NA NA NA NA 11 11.5 11.5 11.5 11.75 NA NA 12 12 12 12 12 12 12 12.75 13 13 13 13.25 14 14 14 14 14 14 14 14 14 14 14.5 15 15 15 15 15 15 15 15 15 15 15.75 16 16 16 16 16 16 16 16 16 16 16.75 17 17 17 17 17 17 17 17 17.25 18 18 18 18 17.25 17.5 18 18 18 18 18 18 18 18 18 18.75 19 19 19 19 19 19 19 19 19 19.25 19.75 20 20 20 20 20 20 20 20 20 20 20 20.25 20.5 21 21 21 21 21 21 21 21 21 21 21 21.25 21.25 21.5 NA NA NA NA NA NA NA NA NA NA NA NA NA NA NA NA NA NA NA NA NA NA NA NA NA NA NA NA NA NA NA NA NA NA NA NA NA NA NA NA NA NA NA NA NA NA NA NA NA NA NA NA NA NA NA NA NA NA NA NA NA NA NA NA NA NA NA NA NA NA NA NA NA NA NA NA NA NA NA NA NA NA NA NA NA NA NA NA NA NA NA NA NA NA NA NA NA NA NA NA NA NA NA NA NA NA NA NA NA NA NA NA NA NA NA NA NA NA NA NA NA NA NA NA NA NA NA NA NA NA 
NA NA NA NA NA NA NA NA 11 11 NA NA NA 12 12 12 12 12 12 12 13 13 13 13 13.75 14 14 14 14 14 14 14 14 14 14.25 15 15 15 15 15 15 15 15 15 15 15.75 16 16 16 16 16 16 16 16 16 16.25 17 17 17 17 17 17 17 17 17 17.25 18 18 18 18 18 18 18 18 18 18 18 18 18 18 18.25 18.75 19 19 19 19 19 19 19 19 19.25 19.75 20 20 20 20 20 20 20 20 20 20 20 20.25 20.75 21 21 21 21 21 21 21 21 21 21 21 21.25 21.75 22 22 22 NA NA NA NA NA NA NA NA NA NA NA NA NA NA NA NA NA NA NA NA NA NA NA NA NA NA NA NA NA NA NA NA NA NA NA NA NA NA NA NA NA NA NA NA NA NA NA NA NA NA NA NA NA NA NA NA NA NA NA NA NA NA NA NA NA NA NA NA NA NA NA NA NA NA NA NA NA NA NA NA NA NA NA NA NA NA NA NA NA NA NA NA NA NA NA NA NA NA NA NA NA NA NA NA NA NA NA NA NA NA NA NA NA NA NA NA NA NA NA NA NA NA NA NA NA NA NA NA NA NA 
NA NA NA NA NA NA NA NA NA NA NA NA NA NA NA NA NA 12 12 12.5 13 13 13 13.5 14 14 14 14 14 14 14 14 14 14.25 15 15 15 15 15 15 15 15 15 15 15.75 16 16 16 16 16 16 16 16 16 16.25 17 17 17 17 17 17 17 17 17 17.75 18 18 18 18 18 18 18 18 18 18 18 18 18 18 18.5 19 19 19 19 19 19 19 19 19 19.5 20 20 20 20 20 20 20 20 20 20 20 20.25 20.75 21 21 21 21 21 21 21 21 21 21 21 21.5 21.75 22 22 22 22 NA NA NA NA NA NA NA NA NA NA NA NA NA NA NA NA NA NA NA NA NA NA NA NA NA NA NA NA NA NA NA NA NA NA NA NA NA NA NA NA NA NA NA NA NA NA NA NA NA NA NA NA NA NA NA NA NA NA NA NA NA NA NA NA NA NA NA NA NA NA NA NA NA NA NA NA NA NA NA NA NA NA NA NA NA NA NA NA NA NA NA NA NA NA NA NA NA NA NA NA NA NA NA NA NA NA NA NA NA NA NA NA NA NA NA NA NA NA NA NA NA NA NA NA NA NA NA NA NA NA NA 
NA NA NA NA NA NA NA NA NA NA NA NA NA NA NA NA NA 12 12.25 13 13 13 13.25 14 14 14 14 14 14 14 14 14 14.25 15 15 15 15 15 15 15 15 15 15 15.75 16 16 16 16 16 16 16 16 16 16.5 17 17 17 17 17 17 17 17 17.25 18 18 18 18 18 18 18 18 18 18 18 18 18 18 18.25 18.75 19 19 19 19 19 19 19 19 19.5 20 20 20 20 20 20 20 20 20 20 20 20.5 21 21 21 21 21 21 21 21 21 21 21 21.25 21.5 22 22 22 22 22 NA NA NA NA NA NA NA NA NA NA NA NA NA NA NA NA NA NA NA NA NA NA NA NA NA NA NA NA NA NA NA NA NA NA NA NA NA NA NA NA NA NA NA NA NA NA NA NA NA NA NA NA NA NA NA NA NA NA NA NA NA NA NA NA NA NA NA NA NA NA NA NA NA NA NA NA NA NA NA NA NA NA NA NA NA NA NA NA NA NA NA NA NA NA NA NA NA NA NA NA NA NA NA NA NA NA NA NA NA NA NA NA NA NA NA NA NA NA NA NA NA NA NA NA NA NA NA NA NA NA NA NA NA 
NA NA NA NA NA NA NA NA NA NA 12 12 12 12 12 12 12 12 12.75 13 13 13.25 14 14 14 14 14 14 14 14 14 14 14.75 15 15 15 15 15 15 15 15 15 15.75 16 16 16 16 16 16 16 16 16 16.75 17 17 17 17 17 17 17 17 17 17.75 18 18 18 18 18 18 18 18 18 18 18 18 18 18.25 19 19 19 19 19 19 19 19 19.25 19.75 20 20 20 20 20 20 20 20 20 20 20.5 21 21 21 21 21 21 21 21 21 21 21 21.25 21.75 22 22 22 22 22 22 22 22 22 22 NA NA NA NA NA NA NA NA NA NA NA NA NA NA NA NA NA NA NA NA NA NA NA NA NA NA NA NA NA NA NA NA NA NA NA NA NA NA NA NA NA NA NA NA NA NA NA NA NA NA NA NA NA NA NA NA NA NA NA NA NA NA NA NA NA NA NA NA NA NA NA NA NA NA NA NA NA NA NA NA NA NA NA NA NA NA NA NA NA NA NA NA NA NA NA NA NA NA NA NA NA NA NA NA NA NA NA NA NA NA NA NA NA NA NA NA NA NA NA NA NA NA NA NA NA NA NA NA NA NA 
NA NA NA NA NA NA NA NA NA NA 12 12 12 12 12 12 12 12.75 13 13 13 14 14 14 14 14 14 14 14 14 14 14.75 15 15 15 15 15 15 15 15 15 15.5 16 16 16 16 16 16 16 16 16 16.75 17 17 17 17 17 17 17 17 17.25 18 18 18 18 18 18 18 18 18 18.75 18 18 18 18.25 18.75 19 19 19 19 19 19 19 19 19.5 20 20 20 20 20 20 20 20 20 20.25 20.75 21 21 21 21 21 21 21 21 21 21 21 21.5 22 22 22 22 22 22 22 22 22 22 22 22 22.25 20 20 NA NA NA NA NA NA NA NA NA NA NA NA NA NA NA NA NA NA NA NA NA NA NA NA NA NA NA NA NA NA NA NA NA NA NA NA NA NA NA NA NA NA NA NA NA NA NA NA NA NA NA NA NA NA NA NA NA NA NA NA NA NA NA NA NA NA NA NA NA NA NA NA NA NA NA NA NA NA NA NA NA NA NA NA NA NA NA NA NA NA NA NA NA NA NA NA NA NA NA NA NA NA NA NA NA NA NA NA NA NA NA NA NA NA NA NA NA NA NA NA NA NA NA NA NA NA NA NA 
NA NA NA NA NA NA NA NA NA NA 12 12 12 12 12 12 12.75 13 13 13 13 14 14 14 14 14 14 14 14 14 14.75 15 15 15 15 15 15 15 15 15 15.25 16 16 16 16 16 16 16 16 16 16.75 17 17 17 17 17 17 17 17 17.25 18 18 18 18 18 18 18 18 18 18.75 19 18 18 18.75 19 19 19 19 19 19 19 19 19 19.75 20 20 20 20 20 20 20 20 20.25 20.75 21 21 21 21 21 21 21 21 21 21 21 21.5 22 22 22 22 22 22 22 22 22 22 22 22.25 22.5 23 23 20 20 20 NA NA NA NA NA NA NA NA NA NA NA NA NA NA NA NA NA NA NA NA NA NA NA NA NA NA NA NA NA NA NA NA NA NA NA NA NA NA NA NA NA NA NA NA NA NA NA NA NA NA NA NA NA NA NA NA NA NA NA NA NA NA NA NA NA NA NA NA NA NA NA NA NA NA NA NA NA NA NA NA NA NA NA NA NA NA NA NA NA NA NA NA NA NA NA NA NA NA NA NA NA NA NA NA NA NA NA NA NA NA NA NA NA NA NA NA NA NA NA NA NA NA NA NA NA NA NA 
NA NA NA NA NA NA NA NA NA NA NA 12 12 12 12 12.75 13 13 13 13 13 14 14 14 14 14 14 14 14 14.5 15 15 15 15 15 15 15 15 15 15.25 16 16 16 16 16 16 16 16 16 16.75 17 17 17 17 17 17 17 17 17.25 18 18 18 18 18 18 18 18 18.25 18.75 19 19 18.25 18.75 19 19 19 19 19 19 19 19 19.5 20 20 20 20 20 20 20 20 20 20.75 21 21 21 21 21 21 21 21 21 21 21.25 21.75 22 22 22 22 22 22 22 22 22 22 22 22.5 22.75 23 23 23 23 20 20 NA NA NA NA NA NA NA NA NA NA NA NA NA NA NA NA NA NA NA NA NA NA NA NA NA NA NA NA NA NA NA NA NA NA NA NA NA NA NA NA NA NA NA NA NA NA NA NA NA NA NA NA NA NA NA NA NA NA NA NA NA NA NA NA NA NA NA NA NA NA NA NA NA NA NA NA NA NA NA NA NA NA NA NA NA NA NA NA NA NA NA NA NA NA NA NA NA NA NA NA NA NA NA NA NA NA NA NA NA NA NA NA NA NA NA NA NA NA NA NA NA NA NA NA NA NA NA NA 
NA NA NA NA NA NA NA NA NA NA NA NA NA 12 12.25 12.5 12.5 13 13 13 13 13.5 13.5 13.5 13.5 13.75 14 14 14 14.5 14.5 14.5 14.5 14.5 14.5 14.75 15 15 15 15.5 15.5 15.5 15.5 15.5 15.5 15.75 16 16 16.25 16.5 16.5 16.5 16.5 16.5 16.75 17 17 17 17.5 17.5 17.5 17.5 17.5 17.5 18 18 18 18.5 18.5 18.5 18.5 18.5 18.5 19 19 19 19 19 19 19 19.25 19.5 20 20 20 20 20 20 20 20 20.5 21 21 21 21 21 20.25 20.5 20.5 20.5 20.5 20.75 21 21 21 21 21 21 21 21 21 21 21 21 21.5 21.5 21.5 21.5 21.5 21.5 21.5 20 20 20 20 20 NA NA NA NA NA NA NA NA NA NA NA NA NA NA NA NA NA NA NA NA NA NA NA NA NA NA NA NA NA NA NA NA NA NA NA NA NA NA NA NA NA NA NA NA NA NA NA NA NA NA NA NA NA NA NA NA NA NA NA NA NA NA NA NA NA NA NA NA NA NA NA NA NA NA NA NA NA NA NA NA NA NA NA NA NA NA NA NA NA NA NA NA NA NA NA NA NA NA NA NA NA NA NA NA NA NA NA NA NA NA NA NA NA NA NA NA NA NA NA NA NA NA NA NA NA 
NA NA NA NA NA NA NA NA NA NA 12 12 12 12 12 12.75 12.75 13 13 13 13 13 13 13 13.75 14 14 14 14 14 14 14 14 14 14.25 15 15 15 15 15 15 15 15 15 15.25 16 16 16 16 16 16 16 16 16.5 17 17 17 17 17 17 17 17 17.25 17.75 18 18 18 18 18 18 18 18.25 19 19 19 19 19 19 19 19 19 20 20 20 20 20 20 20 20 20.25 20.75 21 21 21 21 21 20 20 20 20 20 20 20 20 20 20 20 20 20 20 20 20 20 20 20 20 20.25 20.5 20.5 20.5 21 20 20 20 20 20 20 NA NA NA NA NA NA NA NA NA NA NA NA NA NA NA NA NA NA NA NA NA NA NA NA NA NA NA NA NA NA NA NA NA NA NA NA NA NA NA NA NA NA NA NA NA NA NA NA NA NA NA NA NA NA NA NA NA NA NA NA NA NA NA NA NA NA NA NA NA NA NA NA NA NA NA NA NA NA NA NA NA NA NA NA NA NA NA NA NA NA NA NA NA NA NA NA NA NA NA NA NA NA NA NA NA NA NA NA NA NA NA NA NA NA NA NA NA NA NA NA NA NA NA NA 
NA NA NA NA NA NA NA NA NA 12 12 12 12 12 12.75 13 13 13 13 13 13 13 13 13.75 14 14 14 14 14 14 14 14 14 14.25 15 15 15 15 15 15 15 15 15 15.25 16 16 16 16 16 16 16 16 16.75 17 17 17 17 17 17 17 17 17.25 18 18 18 18 18 18 18 18 18.5 19 19 19 19 19 19 19 19 19.5 20 20 20 20 20 20 20 20 20.5 21 21 21 21 21 21 21 20 20 20 20 20 20 20 20 20 20 20 20 20 20.5 20.5 20.5 21 21 21 21 21 21 21 21 21 20.5 20.5 20.5 21 21 21 21 NA NA NA NA NA NA NA NA NA NA NA NA NA NA NA NA NA NA NA NA NA NA NA NA NA NA NA NA NA NA NA NA NA NA NA NA NA NA NA NA NA NA NA NA NA NA NA NA NA NA NA NA NA NA NA NA NA NA NA NA NA NA NA NA NA NA NA NA NA NA NA NA NA NA NA NA NA NA NA NA NA NA NA NA NA NA NA NA NA NA NA NA NA NA NA NA NA NA NA NA NA NA NA NA NA NA NA NA NA NA NA NA NA NA NA NA NA NA NA NA NA NA NA 
NA NA NA NA NA NA NA NA NA NA 12 12 12 12.25 13 13 13 13 13 13 13 13 13.75 14 14 14 14 14 14 14 14 14 14.25 15 15 15 15 15 15 15 15 15 15.75 16 16 16 16 16 16 16 16.25 16.75 17 17 17 17 17 17 17 17 17.75 18 18 18 18 18 18 18 18 18.75 19 19 19 19 19 19 19 19.25 19.75 20 20 20 20 20 20 20 20.25 21 21 21 21 21 21 21 21 21 20 20 20 20 20 20 20 20.25 20.5 20.5 21 21 21 21 21 21 21 21 21 21 21 21 21 21 21 21 21 21 21 21 21 21 21 NA NA NA NA NA NA NA NA NA NA NA NA NA NA NA NA NA NA NA NA NA NA NA NA NA NA NA NA NA NA NA NA NA NA NA NA NA NA NA NA NA NA NA NA NA NA NA NA NA NA NA NA NA NA NA NA NA NA NA NA NA NA NA NA NA NA NA NA NA NA NA NA NA NA NA NA NA NA NA NA NA NA NA NA NA NA NA NA NA NA NA NA NA NA NA NA NA NA NA NA NA NA NA NA NA NA NA NA NA NA NA NA NA NA NA NA NA NA NA NA NA NA 
NA NA NA NA NA NA NA NA NA NA NA NA 12 12 12.75 13 13 13 13 13 13 13.75 14 14 14 14 14 14 14 14 14 14.75 15 15 15 15 15 15 15 15 15 15.75 16 16 16 16 16 16 16 16.25 17 17 17 17 17 17 17 17 17 17.75 18 18 18 18 18 18 18 18.25 19 19 19 19 19 19 19 19 19.5 20 20 20 20 20 20 20 20 20.5 21 21 21 21 21 21 21 21 21.25 21.75 20 20 20 20.25 20.5 21 21 21 21 21 21 21 21 21 21 21 21 21 21 21 21 21 21 21 21 21 21 21 21 21 21 21 21 21 NA NA NA NA NA NA NA NA NA NA NA NA NA NA NA NA NA NA NA NA NA NA NA NA NA NA NA NA NA NA NA NA NA NA NA NA NA NA NA NA NA NA NA NA NA NA NA NA NA NA NA NA NA NA NA NA NA NA NA NA NA NA NA NA NA NA NA NA NA NA NA NA NA NA NA NA NA NA NA NA NA NA NA NA NA NA NA NA NA NA NA NA NA NA NA NA NA NA NA NA NA NA NA NA NA NA NA NA NA NA NA NA NA NA NA NA NA NA NA NA NA 
NA NA NA NA NA NA NA NA NA NA NA NA NA NA NA NA NA 13 13 13 13 14 14 14 14 14 14 14 14 14 14.75 15 15 15 15 15 15 15 15 15 15.75 16 16 16 16 16 16 16 16.5 17 17 17 17 17 17 17 17 17.25 18 18 18 18 18 18 18 18 18.5 19 19 19 19 19 19 19 19.25 19.75 20 20 20 20 20 20 20 20.5 21 21 21 21 21 21 21 21 21.25 22 22 22 20 20.5 21 21 21 21 21 21 21 21 21 21 21 21 21 21 21 21 21 21 21 21 21 21 21.5 21 21 21 21 21 21 21 21 21 21 21 NA NA 21 NA NA NA NA NA NA NA NA NA NA NA NA NA NA NA NA NA NA NA NA NA NA NA NA NA NA NA NA NA NA NA NA NA NA NA NA NA NA NA NA NA NA NA NA NA NA NA NA NA NA NA NA NA NA NA NA NA NA NA NA NA NA NA NA NA NA NA NA NA NA NA NA NA NA NA NA NA NA NA NA NA NA NA NA NA NA NA NA NA NA NA NA NA NA NA NA NA NA NA NA NA NA NA NA NA NA NA NA NA NA NA NA NA NA NA NA 
NA NA NA NA NA NA NA NA NA NA NA NA NA NA NA NA NA 13 13 13 13 14 14 14 14 14 14 14 14 14.75 15 15 15 15 15 15 15 15 15 15.75 16 16 16 16 16 16 16 16.75 17 17 17 17 17 17 17 17 17.5 18 18 18 18 18 18 18 18 18.5 19 19 19 19 19 19 19 19.25 20 20 20 20 20 20 20 20 20 21 21 21 21 21 21 21 21.25 21.75 22 22 22 22 21 21 21 21 21 21 21 21 21 21 21 21 21 21 21 21 21.5 21.5 21.5 21.75 22 22 22 22 22 21.25 21.5 21.5 21.5 21.5 21.5 21.5 21.5 21.5 21.5 21.5 21.5 21.5 21.66667 22 NA NA NA NA 21.66667 21.5 NA NA NA NA NA NA NA NA NA NA NA NA NA NA NA NA NA NA NA NA NA NA NA NA NA NA NA NA NA NA NA NA NA NA NA NA NA NA NA NA NA NA NA NA NA NA NA NA NA NA NA NA NA NA NA NA NA NA NA NA NA NA NA NA NA NA NA NA NA NA NA NA NA NA NA NA NA NA NA NA NA NA NA NA NA NA NA NA NA NA NA NA NA NA NA NA NA NA NA NA NA NA NA NA NA NA NA NA NA 
NA NA NA NA NA NA NA NA NA NA NA NA NA NA NA NA NA 13 13 13 13 14 14 14 14 14 14 14 14.75 15 15 15 15 15 15 15 15 15 15.75 16 16 16 16 16 16 16 16.75 17 17 17 17 17 17 17 17 17.75 18 18 18 18 18 18 18 18 18.5 19 19 19 19 19 19 19 19.75 20 20 20 20 20 20 20 20 20 20.5 20.75 21 21 21 21 21 21.5 22 22 22 22 22 22 21 21 21 21 21 21 21 21 21 21.5 21.5 21.5 21.5 21.5 21.75 22 22 22 22 22 22 22 22 22 22 22 22 22 22 22 22 22 22 22 22 22 22 22 22 22 22 22 22 22 22 22 NA NA NA NA NA NA NA NA NA NA NA NA NA NA NA NA NA NA NA NA NA NA NA NA NA NA NA NA NA NA NA NA NA NA NA NA NA NA NA NA NA NA NA NA NA NA NA NA NA NA NA NA NA NA NA NA NA NA NA NA NA NA NA NA NA NA NA NA NA NA NA NA NA NA NA NA NA NA NA NA NA NA NA NA NA NA NA NA NA NA NA NA NA NA NA NA NA NA NA NA NA NA NA NA NA NA NA NA NA 
NA NA NA NA NA NA NA NA NA NA NA NA NA NA NA NA NA NA NA 13 13 14 14 14 14 14 14 14.5 15 15 15 15 15 15 15 15 15.25 16 16 16 16 16 16 16 16 16 17 17 17 17 17 17 17 17 17.75 18 18 18 18 18 18 18 18 19 19 19 19 19 19 19 19.25 19.75 20 20 20 20 20 20 20 20 20.75 21 21 21 21 21 21 21 21.5 22 22 22 22 22 22 22 21 21 21 21 21 21 21.5 22 22 22 22 22 22 22 22 22 22 22 22 22 22 22 22 22 22 22 22 22 22 22 22 22 22 22 22 22 22 22 22 22 22 22 22 22 22 22 22 NA NA NA NA NA NA NA NA NA NA NA NA NA NA NA NA NA NA NA NA NA NA NA NA NA NA NA NA NA NA NA NA NA NA NA NA NA NA NA NA NA NA NA NA NA NA NA NA NA NA NA NA NA NA NA NA NA NA NA NA NA NA NA NA NA NA NA NA NA NA NA NA NA NA NA NA NA NA NA NA NA NA NA NA NA NA NA NA NA NA NA NA NA NA NA NA NA NA NA NA NA NA NA NA NA NA NA NA 
NA NA NA NA NA NA NA NA NA NA NA NA NA NA NA NA NA NA NA NA NA NA 14 14 14 14 14.25 15 15 15 15 15 15 15 15 15 15.75 16 16 16 16 16 16 16 16 16.5 17 17 17 17 17 17 17.25 18 18 18 18 18 18 18 18 18.25 18.75 19 19 19 19 19 19 19 19.75 20 20 20 20 20 20 20 20 20.5 21 21 21 21 21 21.5 21.5 21.25 21.5 22 22 22 22 22 22 22.5 21 21 21.5 21.75 22 22 22 22 22 22 22 22 22 22 22 22 22 22 22 22 22 22 22 22 22 22 22 22 22 22 22 22 22 22 22 22 22 22 22 22 22 22 22 22 22 22 22 22 NA NA NA NA NA NA NA NA NA NA NA NA NA NA NA NA NA NA NA NA NA NA NA NA NA NA NA NA NA NA NA NA NA NA NA NA NA NA NA NA NA NA NA NA NA NA NA NA NA NA NA NA NA NA NA NA NA NA NA NA NA NA NA NA NA NA NA NA NA NA NA NA NA NA NA NA NA NA NA NA NA NA NA NA NA NA NA NA NA NA NA NA NA NA NA NA NA NA NA NA NA NA NA NA NA NA NA 
NA NA NA NA NA NA NA NA NA NA NA NA NA NA NA NA NA NA NA NA NA NA NA NA NA 14 14 14.25 15 15 15 15 15 15 15 15.75 16 16 16 16 16 16 16 16 16.5 17 17 17 17 17 17 17.25 18 18 18 18 18 18 18 18 18.5 19 19 19 19 19 19 19 19.25 20 20 20 20 20 20 20 20.5 21 21 21 21 21 21 21 21.75 22 22 22 22 22 22 22 22 22.25 23 23 21.75 22 22 22 22 22 22 22 22 22 22 22 22 22 22 22 22 22 22 22 22.5 22.5 22.5 23 23 22 22 22 22 22 22.25 22.5 22.5 22.5 22.5 22.5 22.5 22.5 22.5 22.5 22.5 22.5 22.5 22.5 22.5 22.25 22 22 22 NA NA NA NA NA NA NA NA NA NA NA NA NA NA NA NA NA NA NA NA NA NA NA NA NA NA NA NA NA NA NA NA NA NA NA NA NA NA NA NA NA NA NA NA NA NA NA NA NA NA NA NA NA NA NA NA NA NA NA NA NA NA NA NA NA NA NA NA NA NA NA NA NA NA NA NA NA NA NA NA NA NA NA NA NA NA NA NA NA NA NA NA NA NA NA NA NA NA NA NA NA NA NA NA NA NA 
NA NA NA NA NA NA NA NA NA NA NA NA NA NA NA NA NA NA NA NA NA NA NA NA NA NA NA NA 15 15 15 15 15 15 15 15 16 16 16 16 16 16 16 16 16.75 17 17 17 17 17 17 17 18 18 18 18 18 18 18 18 18.5 18.5 18.75 19 19 19 19 19.25 20 20 20 20 20 20 20.25 20.75 21 21 21 21 21 21 21 21 21.75 22 22 22 22 22 22 22.25 22.75 23 23 23 22 22 22 22 22 22 22 22 22 22 22 22 22 22.5 22.75 22.75 22.75 22.75 22.75 23 23 23 23 23 23 23 23 23 23 23 23 23 23 23 23 23 23 23 23 23 23 23 23 23 23 23 23 23 23 22.5 23 23 23 23 23 23 NA NA NA NA NA NA NA NA NA NA NA NA NA NA NA NA NA NA NA NA NA NA NA NA NA NA NA NA NA NA NA NA NA NA NA NA NA NA NA NA NA NA NA NA NA NA NA NA NA NA NA NA NA NA NA NA NA NA NA NA NA NA NA NA NA NA NA NA NA NA NA NA NA NA NA NA NA NA NA NA NA NA NA NA NA NA NA NA NA NA NA NA NA NA NA NA NA NA NA 
NA NA NA NA NA NA NA NA NA NA NA NA NA NA NA NA NA NA NA NA NA NA NA NA NA NA NA NA NA NA NA NA NA NA NA NA NA 16 16 16 16 16 16 16.25 16.25 16.75 17 17 17 17 17 17 17 17.75 18 18 18 18 18 18 18 18.5 19 19 19 19 19 19.5 20 20 20 20 20 20.25 21 21 21 21 21 21 21 21 21.5 21.5 21.75 22 22 22 22 22 22.25 23 23 23 23 23 22 22 22 22 22 22 22 22 22.25 22.5 22.75 23 23 23 23 23 23 23 23 23 23 23 23 23 23 23 23 23 23 23 23 23 23 23 23 23 23 23 23 23 23 23 23 23 23 23 23 23 23 23 23 23 23 23 23 23 23 23 23 23 23 NA NA NA NA NA NA NA NA NA NA NA NA NA NA NA NA NA NA NA NA NA NA NA NA NA NA NA NA NA NA NA NA NA NA NA NA NA NA NA NA NA NA NA NA NA NA NA NA NA NA NA NA NA NA NA NA NA NA NA NA NA NA NA NA NA NA NA NA NA NA NA NA NA NA NA NA NA NA NA NA NA NA NA NA NA NA NA NA NA NA NA NA NA NA 
NA NA NA NA NA NA NA NA NA NA NA NA NA NA NA NA NA NA NA NA NA 14.5 15 NA NA NA NA NA 15 15 NA NA NA NA NA NA NA NA 16 16 16 16 16 16.25 17 17 17 17 17 17 17 17.25 17 17.25 17.75 18 18 18 18 18 19 19 19 19 19 19 19 19 19.75 20 20 20 20.25 21 21 21 21 21 21 21 21 22 22 22 22 22 22 22 22 22.25 23 23 23 23 23 23 22 22 22 22 22 22.5 22.75 23 23 23 23 23 23 23 23 23 23 23 23 23 23 23 23 23 23 23 23 23 23 23 23 23 23 23 23 23 23 23 23 23 23 23 23 23 23 23 23 23 23 23 23 23 23 23 23 23 23 23 23 23 23 23 23 NA NA NA NA NA NA NA NA NA NA NA NA NA NA NA NA NA NA NA NA NA NA NA NA NA NA NA NA NA NA NA NA NA NA NA NA NA NA NA NA NA NA NA NA NA NA NA NA NA NA NA NA NA NA NA NA NA NA NA NA NA NA NA NA NA NA NA NA NA NA NA NA NA NA NA NA NA NA NA NA NA NA NA NA NA NA NA NA NA NA NA NA 
NA NA NA NA NA NA NA NA NA NA NA NA NA NA NA NA NA NA NA NA NA NA 15 15 15 NA NA NA 15 15 15.25 NA NA NA NA NA NA 16 16 16 16.5 16.75 17 17 17 17 17 17.25 17.5 17.25 18 18 18 18 18 18 18 18.5 18.75 18.5 19 19 19 19 19 19.25 19.5 19.75 20 20 20 20 20.25 21 21 21 21 21 21 21 21 21 21.25 22 22 22 22 22.5 23 23 23 23 23 23 23 23.5 22.5 22.5 23 23 23 23 23 23 23 23 23 23 23 23 23 23 23 23 23 23 23.25 23.25 23 23 23 23 23 23 23 23 23 23 23 23 23 23 23 23 23 23 23 23 23 23 23 23 23 23 23 23 24 23.25 23 23 23 23 23 23 23 23 23 23 23 23 NA NA NA NA NA NA NA NA NA NA NA NA NA NA NA NA NA NA NA NA NA NA NA NA NA NA NA NA NA NA NA NA NA NA NA NA NA NA NA NA NA NA NA NA NA NA NA NA NA NA NA NA NA NA NA NA NA NA NA NA NA NA NA NA NA NA NA NA NA NA NA NA NA NA NA NA NA NA NA NA NA NA NA NA NA NA NA NA NA NA NA 
NA NA NA NA NA NA NA NA NA NA NA NA NA NA NA NA NA NA NA NA NA NA 14.33333 15 15 15 15 15 15 15 15.25 15.75 16 16 16 16 16 16 16 16.25 17 17 17 17 17 17 17 17.25 17 18 18 18 18 18.5 18 18.5 18.75 19 19 19 19 19 19.5 19.75 19.5 19.75 20 20 20 20 20 20.5 20.5 20.5 20.75 21 21 21 21 21.5 21.75 22 22 22 22 22 22.5 23 23 23 23 23 23 23.25 23.75 24 23 23 23 23 23 23 23 23 23 23 23 23 23 23 23 23.5 23.5 24 24 24 24 24 24 24 24 23.5 23.25 23 23.25 23.5 23.5 23.5 24 24 24 24 24 24 24 24 24 24 24 23.75 23.5 23.5 23.5 23.5 23.5 23.5 24 23.75 24 24 24 23 23 23 23 23 23 23 23 23 23.25 23 NA NA NA NA NA NA NA NA NA NA NA NA NA NA NA NA NA NA NA NA NA NA NA NA NA NA NA NA NA NA NA NA NA NA NA NA NA NA NA NA NA NA NA NA NA NA NA NA NA NA NA NA NA NA NA NA NA NA NA NA NA NA NA NA NA NA NA NA NA NA NA NA NA NA NA NA NA NA NA NA NA NA NA NA NA NA NA NA NA 
NA NA NA NA NA NA NA NA NA NA NA NA NA NA NA NA NA NA NA NA NA 14.66667 14.75 15 15 15 15 15 15 15 15.25 15.75 16 16 16 16 16 16 16 16.75 17 17 17 17 17 17.5 17.25 17.75 18 18 18 18 18.5 19 19 19 19 19 19 19.25 20 20 20 20 20 20 20 20 20.5 20.5 21 21 21 21 21 21 21 22 22 22 22 22 22 22 22.25 22.25 22 23 23 23 23 23.25 23.75 24 24 24 23 23 23 23 23 23 23 23 23.25 23.5 23.5 23.5 23.5 24 24 24 24 24 24 24 24 24 24 24 24 24 24 24 24 24 24 24 24 24 24 24 24 24 24 24 24 24 24 24 24 24 24 24 24 24 24 24 24 24 23.75 23 23 23.5 23 23 23 23 23 23 23 23 23 NA NA NA NA NA NA NA NA NA NA NA NA NA NA NA NA NA NA NA NA NA NA NA NA NA NA NA NA NA NA NA NA NA NA NA NA NA NA NA NA NA NA NA NA NA NA NA NA NA NA NA NA NA NA NA NA NA NA NA NA NA NA NA NA NA NA NA NA NA NA NA NA NA NA NA NA NA NA NA NA NA NA NA NA NA NA NA NA 
NA NA NA NA NA NA NA NA NA NA NA NA NA NA NA NA 14 14 14 14 14 15 15 15 15 15 15 15 15 16 16 16 16 16 16 16 16 16 16.25 16 17 17 17 17 17.25 17 18 18 18 18 18.25 18.5 18.5 18.25 19 19 19 19 19 19 19 19 19 19.75 20 20 20 20 21 21 21 21 21 21 21 21.25 21.75 22 22 22 22 22 22 22.5 22.75 23 22.75 23 23 23 23.5 24 24 24 24 24 23 23 23 23 23 23.5 23.75 24 24 24 24 24 24 24 24 24 24 24 24 24 24 24 24 24 24 24 24 24 24 24 24 24 24 24 24 24 24 24 24 24 24 24 24 24 24 24 24 24 24 24 24 24 24 24 23.25 23.5 24 24 24 24.5 24 23.5 23.5 23.5 23.5 23 NA NA NA NA NA NA NA NA NA NA NA NA NA NA NA NA NA NA NA NA NA NA NA NA NA NA NA NA NA NA NA NA NA NA NA NA NA NA NA NA NA NA NA NA NA NA NA NA NA NA NA NA NA NA NA NA NA NA NA NA NA NA NA NA NA NA NA NA NA NA NA NA NA NA NA NA NA NA NA NA NA NA NA NA NA NA NA NA NA 
NA NA NA NA NA NA NA NA NA NA NA NA NA NA NA NA 14 14 14 14 14.25 15 15 15 15 15 15 15 15 15.25 16 16 16 16 16 16 16 16 16.5 17 17 17 17 17 17 17 17.25 17.75 18 18 18 18 18 18 18.75 19 19 19 19 19 19.25 20 20 20 20 20 20.25 20.5 21 21 21 21 21 21 21.5 22 22 22 22 22 22 22.75 23 23 23 23 23 23 23 23.5 24 24 24 24 24 24 23 23.25 23.5 24 24 24 24 24 24 24 24 24 24 24 24 24 24 24 24 24 24 24.25 24.5 24.5 24.5 24 24 24 24 24 24 24 24 24 24 24 24 24 24 24 24 24 24 24 24 24 24 24 24 24 24 24 24 24 24 24 24 24 24 24 24 24 24 24 NA NA NA NA NA NA NA NA NA NA NA NA NA NA NA NA NA NA NA NA NA NA NA NA NA NA NA NA NA NA NA NA NA NA NA NA NA NA NA NA NA NA NA NA NA NA NA NA NA NA NA NA NA NA NA NA NA NA NA NA NA NA NA NA NA NA NA NA NA NA NA NA NA NA NA NA NA NA NA NA NA NA NA NA NA NA NA NA NA NA NA 
NA NA NA NA NA NA NA NA NA NA NA NA NA NA NA NA 14 14 14 14.5 15 15 15 15 15 15 15 15 15.25 15.5 16 16 16 16 16 16 16.5 17 17 17 17 17 17 17 17.75 18 18 18 18 18 18 18 18.25 18.5 19 19 19 19 19 19.5 20 20 20 20 20 20.25 21 21 21 21 21 21 21.25 22 22 22 22 22 22 22.25 22.75 23 23 23 23 23 23 23.25 23.5 23.5 24 24 24 24 24 24.75 24 24 24 24 24 24 24 24 24 24 24 24 24 24 24 24 24 24.5 24.5 24.75 25 25 25 25 25 25 25 25 24.75 24.5 24 24 24 24 24.5 24.5 24.5 24.5 24.5 24.5 24.5 24.5 24.25 24 24 24 24 24 24 24 24.5 24.5 24.5 24 24 24 24 24 24 24 24 24 24 24 NA NA NA NA NA NA NA NA NA NA NA NA NA NA NA NA NA NA NA NA NA NA NA NA NA NA NA NA NA NA NA NA NA NA NA NA NA NA NA NA NA NA NA NA NA NA NA NA NA NA NA NA NA NA NA NA NA NA NA NA NA NA NA NA NA NA NA NA NA NA NA NA NA NA NA NA NA NA NA NA NA NA NA NA NA NA NA NA NA NA NA 
NA NA NA NA NA NA NA NA NA NA NA NA NA NA NA NA NA 14 14 15 15 15 15 15 15 15 15.75 16 16 16 16 16 16 16 16.25 16.75 17 17 17 17 17 17 17 17.5 18 18 18 18 18 18 18 18.75 19 19 19 19 19 19 19.5 20 20 20 20 20 20 21 21 21 21 21 21 21 22 22 22 22 22 22 22.25 23 23 23 23 23 23 23 23.75 24 24 24 24 24 24 24.25 24.75 25 24 24 24 24 24 24 24 24 24 24.25 24.5 24.5 24.5 25 24.75 24.75 25 25 25 25 25 25 25 25 25 25 25 25 25 25 25 24.5 24.5 24.25 25 25 25 25 25 25 25 25 25 25 25 25 25 24.75 24.5 24.5 25 25 25 25 25 24.5 24.75 24.75 24.25 24.25 24.25 24 24 NA NA NA NA NA NA NA NA NA NA NA NA NA NA NA NA NA NA NA NA NA NA NA NA NA NA NA NA NA NA NA NA NA NA NA NA NA NA NA NA NA NA NA NA NA NA NA NA NA NA NA NA NA NA NA NA NA NA NA NA NA NA NA NA NA NA NA NA NA NA NA NA NA NA NA NA NA NA NA NA NA NA NA NA NA NA NA NA NA NA NA NA 
NA NA NA NA NA NA NA NA NA NA NA NA NA NA NA NA NA 14.25 15 15 15 15 15 15 15 15.75 16 16 16 16 16 16 16 16.25 16.75 17 17 17 17 17 17 17 17 17.75 18 18 18 18 18 18 18.75 19 19 19 19 19 19 19.75 20 20 20 20 20 20.5 21 21 21 21 21 21 21.25 22 22 22 22 22 22 22.75 23 23 23 23 23 23 23.5 24 24 24 24 24 24 24 24.25 25 25 25 24 24 24 24 24 24.25 24.5 24.75 25 25 25 25 25 25 25 25 25 25 25 25 25 25 25 25 25 25 25 25 25 25 25 25 25 25 25 25 25 25 25 25 25 25 25 25 25 25 25 25 25 25 25 25 25 25 25 25 25 25 25 25 24.5 24 24 NA NA NA NA NA NA NA NA NA NA NA NA NA NA NA NA NA NA NA NA NA NA NA NA NA NA NA NA NA NA NA NA NA NA NA NA NA NA NA NA NA NA NA NA NA NA NA NA NA NA NA NA NA NA NA NA NA NA NA NA NA NA NA NA NA NA NA NA NA NA NA NA NA NA NA NA NA NA NA NA NA NA NA NA NA NA NA NA NA NA NA NA 
NA NA NA NA NA NA NA NA NA NA NA NA NA NA NA NA NA 15 15 15 15 15 15 15.25 15.75 16 16 16 16 16 16 16 16 17 17 17 17 17 17 17 17 17.25 18 18 18 18 18 18 18.5 19 19 19 19 19 19 19 19.75 20 20 20 20 20 20.25 21 21 21 21 21 21 21.5 22 22 22 22 22 22 22.75 23 23 23 23 23 23.25 24 24 24 24 24 24 24 24.5 25 24.75 25 25 25 24 24 24.5 24.75 25 25 25 25 25 25 25 25 25 25 25 25 25 25 25 25 25 25 25 25 25 25 25 25 25 25 25 25 25 25 25 25 25 25 25 25 25 25 25 25 25 25 25 25 25 25 25 25 25 25 25 25 25 25 25 25 24.75 24.5 NA NA NA NA NA NA NA NA NA NA NA NA NA NA NA NA NA NA NA NA NA NA NA NA NA NA NA NA NA NA NA NA NA NA NA NA NA NA NA NA NA NA NA NA NA NA NA NA NA NA NA NA NA NA NA NA NA NA NA NA NA NA NA NA NA NA NA NA NA NA NA NA NA NA NA NA NA NA NA NA NA NA NA NA NA NA NA NA NA NA NA NA NA 
NA NA NA NA NA NA NA NA NA NA NA NA NA NA NA NA NA 15 15 15 15 15 15 16 16 16 16 16 16 16 16 16.25 17 17 17 17 17 17 17 17 17.75 18 18 18 18 18 18 18.5 19 19 19 19 19 19 19.25 20 20 20 20 20 20 20.75 21 21 21 21 21 21 21.75 22 22 22 22 22 22 22.75 23 23 23 23 23 23.25 24 24 24 24 24 24 24.25 25 25 25 25 25 25 25 24.5 25 25 25 25 25 25 25 25 25 25 25 25 25 25 25 25 25 25 25 25 25 25.5 26 26 25.5 25.5 25.5 25.75 26 26 25.5 25.25 25 25 25 25 25 25 25 25 25 25 25 25 25 25 25 25 25 25 25 25 25 25 25 25 25 25 25 25 NA NA NA NA NA NA NA NA NA NA NA NA NA NA NA NA NA NA NA NA NA NA NA NA NA NA NA NA NA NA NA NA NA NA NA NA NA NA NA NA NA NA NA NA NA NA NA NA NA NA NA NA NA NA NA NA NA NA NA NA NA NA NA NA NA NA NA NA NA NA NA NA NA NA NA NA NA NA NA NA NA NA NA NA NA NA NA NA NA NA NA NA NA NA 
NA NA NA NA NA NA NA NA NA NA NA NA NA NA NA NA NA 15 15 15 15 15 15.75 16 16 16 16 16 16 16 16.25 17 17 17 17 17 17 17 17.25 17.75 18 18 18 18 18 18 18.75 19 19 19 19 19 19 19.25 20 20 20 20 20 20 20 21 21 21 21 21 21 21.5 22 22 22 22 22 22.25 22.75 23 23 23 23 23 23.5 24 24 24 24 24 24 24.75 25 25 25 25 25 25 25.5 26 25 25 25 25 25 25 25 25 25 25 25.25 25.5 25.5 25.5 26 26 26 25.75 26 26 26 26 26 26 26 26 26 26 26 26 26 26 26 26 26 26 25.5 25.5 25.5 25.25 25 25 25 25 25 25 25 25 25 25 25.5 25.5 25 25 25 25 25 NA NA NA NA NA NA NA NA NA NA NA NA NA NA NA NA NA NA NA NA NA NA NA NA NA NA NA NA NA NA NA NA NA NA NA NA NA NA NA NA NA NA NA NA NA NA NA NA NA NA NA NA NA NA NA NA NA NA NA NA NA NA NA NA NA NA NA NA NA NA NA NA NA NA NA NA NA NA NA NA NA NA NA NA NA NA NA NA NA NA NA NA NA NA NA NA NA NA 
NA NA NA NA NA NA NA NA NA NA NA NA NA NA NA NA NA 15 15 15 15 15.25 15.5 15.5 15.5 15.5 15.75 16 16 16 16.25 16.5 16.5 16.5 16.5 17 17 17 17.25 17.5 17.5 17.5 17.75 18 18 18.25 18.5 18.5 18.5 18.75 19 19 19 19.5 19.5 19.5 19.75 20 20 20 20.5 20.5 20.5 20.5 21 21 21 21.5 21.5 21.75 22 21.5 21.5 22 22 22 22 22.5 22.5 22.75 23 23 23 23 23.5 23.5 24 24 24 24 24 24 24.5 24.75 25 25 25 25 25 25 25 25 25 25 25.75 26 26 26 26 26 26 26 26 26 26 26 26 26 26 26 26 26 26 26 26 26 26 26 26 26 26 26 26 26 25.75 25.5 25.5 25.5 25.5 25.5 25.5 25.5 25.5 25.25 25 25 25.5 25.5 25.5 25.5 25.25 25 25 25 25 NA NA NA NA NA NA NA NA NA NA NA NA NA NA NA NA NA NA NA NA NA NA NA NA NA NA NA NA NA NA NA NA NA NA NA NA NA NA NA NA NA NA NA NA NA NA NA NA NA NA NA NA NA NA NA NA NA NA NA NA NA NA NA NA NA NA NA NA NA NA NA NA NA NA NA NA NA NA NA NA NA NA NA NA NA NA NA NA NA NA NA NA NA NA NA NA 
NA NA NA NA NA NA NA NA NA NA NA NA NA NA 14 14.66667 14.75 15 15 15 15 15 15 15 15 15.75 16 16 16 16 16 16 16 16.25 17 17 17 17 17 17 17 17.25 18 18 18 18 18 18 18.25 19 19 19 19 19 19 19.5 20 20 20 20 20 20 20.5 21 21 21 21 21 21.25 22 22 21 21 21 21 21 21.75 22 22 22 22 22 22 22.75 23 23 23 23 23 23 23.5 24 24 24 24 24 25 25 25 25 25 25 25.5 25.75 26 26 26 26 26 26 26 26 26 26 26 26 26 26 26 26 26.25 26 26 26 26 26 26 26 26 26 26 26 26 26 26 26 26 25.5 25 25 25 25 25 25 25 25 25.5 25 25 25 25 25 25 25 25 25 NA NA NA NA NA NA NA NA NA NA NA NA NA NA NA NA NA NA NA NA NA NA NA NA NA NA NA NA NA NA NA NA NA NA NA NA NA NA NA NA NA NA NA NA NA NA NA NA NA NA NA NA NA NA NA NA NA NA NA NA NA NA NA NA NA NA NA NA NA NA NA NA NA NA NA NA NA NA NA NA NA NA NA NA NA NA NA NA NA NA NA NA NA NA NA 
NA NA NA NA NA NA NA NA NA NA NA NA NA NA NA NA NA 15 NA NA 15 15 15 15.25 15.75 16 16 16 16 16 16 16 16.25 17 17 17 17 17 17 17 17.5 18 18 18 18 18 18 18.25 18.75 19 19 19 19 19 19.75 20 20 20 20 20 20.25 20.75 21 21 21 21 21 21.5 22 22 22 21 21 21 21 21.75 22 22 22 22 22 22.25 22.75 23 23 23 23 23 23 23.75 24 24 24 24 24 24 25 25 25 25.25 25.5 25.75 26 26 26 26 26 26 26 26 26 26 26 26 26 26 26.75 27 27 27 27 26 26 26 26 26 26 26 26 26 26 26 26 26 26 26 26 26 26 25.5 25 25 25 25 25 25 26 26 25.75 25.75 25.5 25.25 25 25 25 25 NA NA 25 NA NA NA NA NA NA NA NA NA NA NA NA NA NA NA NA NA NA NA NA NA NA NA NA NA NA NA NA NA NA NA NA NA NA NA NA NA NA NA NA NA NA NA NA NA NA NA NA NA NA NA NA NA NA NA NA NA NA NA NA NA NA NA NA NA NA NA NA NA NA NA NA NA NA NA NA NA NA NA NA NA NA NA NA NA NA NA NA NA NA NA NA 
NA NA NA NA NA NA NA NA NA NA NA NA NA NA NA NA NA NA NA NA 15 15 15.25 16 16 16 16 16 16 16 16 16.25 17 17 17 17 17 17 17 17.75 18 18 18 18 18 18 18.25 19 19 19 19 19 19 19.75 20 20 20 20 20 20.25 21 21 21 21 21 21.25 22 22 22 22 22 21 21 21.25 22 22 22 22 22 22 22.75 23 23 23 23 23 23 23.5 23.5 24 24 24 24 24 24.5 25 25 25.25 25.75 26 26 26 26 26 26 26 26 26 26 26 26 26.25 26.5 27 27 27 27 27 27 27 27 26 26 26 26 26 26 26 26 26 26 26 26 26 26 26 26 26 26 26 26 26 25.5 25.5 25.5 25 26 26 26 26 26 26 25.75 26 26 26 26 26 26 25.5 25 25 NA NA NA NA NA NA NA NA NA NA NA NA NA NA NA NA NA NA NA NA NA NA NA NA NA NA NA NA NA NA NA NA NA NA NA NA NA NA NA NA NA NA NA NA NA NA NA NA NA NA NA NA NA NA NA NA NA NA NA NA NA NA NA NA NA NA NA NA NA NA NA NA NA NA NA NA NA NA NA NA NA NA NA NA NA NA NA NA NA 
NA NA NA NA NA NA NA NA NA NA NA NA NA NA NA NA NA 15 15 15 15 15 16 16 16 16 16 16 16 16 16.5 17 17 17 17 17 17 17 17.75 18 18 18 18 18 18 18.25 19 19 19 19 19 19 19.75 20 20 20 20 20 20.25 21 21 21 21 21 21.25 22 22 22 22 22 22.25 21 21.25 22 22 22 22 22 22 22.75 23 23 23 23 23 23 23.75 24 24 24 24 24 24 24.75 25 25 25.75 26 26 26 26 26 26 26 26 26 26 26.5 26.5 27 27 27 27 27 27 27 27 27 27 27 27 26 26 26 26 26 26 26 26 26 26 26 26 26 26 26 26 26 26 26 26 26 26 26 26 25 26 26 26 26 26 26 26 26 26 26 26 26 26 26 25.5 25.5 25.5 25.33333 NA NA NA NA NA NA NA NA NA NA NA NA NA NA NA NA NA NA NA NA NA NA NA NA NA NA NA NA NA NA NA NA NA NA NA NA NA NA NA NA NA NA NA NA NA NA NA NA NA NA NA NA NA NA NA NA NA NA NA NA NA NA NA NA NA NA NA NA NA NA NA NA NA NA NA NA NA NA NA NA NA NA NA NA NA NA NA 
NA NA NA NA NA NA NA NA NA NA NA 15 15 NA NA NA 15 15 15 15 15 NA NA 16 16 16 16 16 16 16.25 17 17 17 17 17 17 17 17.75 18 18 18 18 18 18 18.75 19 19 19 19 19 19 19.75 20 20 20 20 20 20.25 21 21 21 21 21 21.5 22 22 22 22 22 22.75 23 21.5 22 22 22 22 22 22 22.75 23 23 23 23 23 23.25 24 24 24 24 24 24 24 25 25 25 25 26 26 26 26 26 26 26 26 26.5 26.75 27 27 27 27 27 27 27 27 27 27 27 27 27 27 27 26.5 26.5 26.5 26.25 26 26 26 26 26 26 26.5 26.75 26.25 26.25 26 26 26 26 26 26 26 26 26 25.75 25 26 26 26 26 26 26 26 26 26 26 26 26 26 26 26 26 26 25.25 25 NA NA NA NA NA NA NA NA NA NA NA NA NA NA NA NA NA NA NA NA NA NA NA NA NA NA NA NA NA NA NA NA NA NA NA NA NA NA NA NA NA NA NA NA NA NA NA NA NA NA NA NA NA NA NA NA NA NA NA NA NA NA NA NA NA NA NA NA NA NA NA NA NA NA NA NA NA NA NA NA NA NA NA NA NA NA 
NA NA NA NA NA NA NA NA NA NA 14.5 15 15 15 15 15 15 15 15 15 NA NA NA NA 16 NA NA NA NA NA 17 17 17 17 17 17.25 17.75 18 18 18 18 18 18.25 18.75 19 19 19 19 19 19 19.75 20 20 20 20 20 20.25 21 21 21 21 21 21.75 22 22 22 22 22 22.75 23 23 22 22 22 22 22 22.25 23 23 23 23 23 23 23.25 24 24 24 24 24 24 24.5 24.75 25 25 25 25 26 26 26 26 26 26.5 27 27 27 27 27 27 27 27 27 27 27 27 27 27 27 27 27 27 27 27 27 27 27 27 26.5 26.5 26.25 27 26.75 27 27 27 27 27 27 26.5 26.25 26 26 26 26 26 25.75 26 26 26 26 26 26 26 26 26 26 26 26 26 26 26 26 26 26 25.5 25.5 NA NA NA NA NA NA NA NA NA NA NA NA NA NA NA NA NA NA NA NA NA NA NA NA NA NA NA NA NA NA NA NA NA NA NA NA NA NA NA NA NA NA NA NA NA NA NA NA NA NA NA NA NA NA NA NA NA NA NA NA NA NA NA NA NA NA NA NA NA NA NA NA NA NA NA NA NA NA NA NA NA NA NA NA NA NA 
NA NA NA NA NA NA NA NA NA NA NA 15 15 15 15 15 15 15 NA NA NA NA NA NA NA NA NA NA NA NA NA NA 17 17 17.25 18 18 18 18 18 18 18 18.75 19 19 19 19 19 19.25 19.75 20 20 20 20 20 20.25 21 21 21 21 21 21.75 22 22 22 22 22 22.75 23 23 23 22 22 22 22 22 23 23 23 23 23 23 23.25 24 24 24 24 24 24.25 24.75 25 25 25 25 25 25.5 26 26 26.25 26.75 27 27 27 27 27 27 27 27 27 27 27 27 27 27 27 27 27 27 27 27 27 27 27 27 27 27 27 27 27 27 27 27 27 27 27 27 27 27 27 26.25 26 26 26 26 26 26 26 26 26 26 26 26 26 26 26 26 26 26 26 26 26 26 26 NA NA NA NA NA NA NA NA NA NA NA NA NA NA NA NA NA NA NA NA NA NA NA NA NA NA NA NA NA NA NA NA NA NA NA NA NA NA NA NA NA NA NA NA NA NA NA NA NA NA NA NA NA NA NA NA NA NA NA NA NA NA NA NA NA NA NA NA NA NA NA NA NA NA NA NA NA NA NA NA NA NA NA NA NA NA NA NA 
NA NA NA NA NA NA NA NA NA NA NA NA 15 15 15 15 NA NA NA NA NA NA NA NA NA NA NA NA NA NA NA NA NA 17.25 18 18 18 18 18 18 18 18.75 19 19 19 19 19 19.25 20 20 20 20 20 20 20.25 21 21 21 21 21 21.75 22 22 22 22 22 22.75 23 23 23 23 22 22 22 22 22.75 23 23 23 23 23 23.5 24 24 24 24 24 24.25 25 25 25 25 25 25 25.25 26 26 26.75 27 27 27 27 27 27 27 27 27 27 27 27 27 27 27 27.25 27.5 27.5 27.5 28 28 28 28 27 27 27 27 27 27 27 27 27 27 27 27 27 27 27 27 27 27 27 27 26.75 26 26 26 26 26.5 26.25 26 26 26 26 26 26 26 26 NA NA NA NA NA NA NA NA NA NA NA NA NA NA NA NA NA NA NA NA NA NA NA NA NA NA NA NA NA NA NA NA NA NA NA NA NA NA NA NA NA NA NA NA NA NA NA NA NA NA NA NA NA NA NA NA NA NA NA NA NA NA NA NA NA NA NA NA NA NA NA NA NA NA NA NA NA NA NA NA NA NA NA NA NA NA NA NA NA NA NA NA NA NA NA 
NA NA NA NA NA NA NA NA NA NA NA NA NA NA NA NA NA NA NA NA NA NA NA NA NA NA NA NA NA NA NA NA 17.25 18 18 18 18 18 18 18 18.75 19 19 19 19 19 19.25 20 20 20 20 20 20 20.5 21 21 21 21 21 21.75 22 22 22 22 22 22.75 23 23 23 23 23.25 22 22 22 22.75 23 23 23 23 23 23.75 24 24 24 24 24 24 24.75 25 25 25 25 25.25 25.75 26 26 26.75 27 27 27 27 27 27 27 27 27 27 27 27 27 27.25 27.5 28 28 28 28 28 28 28 28 28 27 27 27 27 27 27 27 27 27 27 27 27 27 27 27 27 27 27 27 27 27 26.75 26.5 26.5 26.5 27 27 27 26.75 27 27 26.5 NA NA NA NA NA NA NA NA NA NA NA NA NA NA NA NA NA NA NA NA NA NA NA NA NA NA NA NA NA NA NA NA NA NA NA NA NA NA NA NA NA NA NA NA NA NA NA NA NA NA NA NA NA NA NA NA NA NA NA NA NA NA NA NA NA NA NA NA NA NA NA NA NA NA NA NA NA NA NA NA NA NA NA NA NA NA NA NA NA NA NA NA NA NA NA NA NA NA 
NA NA NA NA NA NA NA NA NA NA NA NA NA NA NA NA NA NA NA NA NA NA NA NA NA NA NA NA NA NA NA NA 18 18 18 18 18 18 18 19 19 19 19 19 19 19.25 20 20 20 20 20 20 20.75 21 21 21 21 21 21.75 22 22 22 22 22 22.75 23 23 23 23 23.25 24 22 22 22.75 23 23 23 23 23 23.5 24 24 24 24 24 24.25 25 25 25 25 25 25.25 26 26 26 26 27 27 27 27 27 27 27 27 27 27 27 27 27.75 28 28 28 28 28 28 28 28 28 28 28 28 27 27 27 27 27 27 27 27 27 27 27 27 27 27 27 27 27 27 27 27 27 27 27 27 27 27 27 27 27 27 27 27 NA NA NA NA NA NA NA NA NA NA NA NA NA NA NA NA NA NA NA NA NA NA NA NA NA NA NA NA NA NA NA NA NA NA NA NA NA NA NA NA NA NA NA NA NA NA NA NA NA NA NA NA NA NA NA NA NA NA NA NA NA NA NA NA NA NA NA NA NA NA NA NA NA NA NA NA NA NA NA NA NA NA NA NA NA NA NA NA NA NA NA NA NA NA NA NA NA NA 
NA NA NA NA NA NA NA NA NA NA NA NA NA NA NA NA NA NA NA NA NA NA NA NA NA NA NA NA NA NA 17.66667 18 18 18 18 18 18 18.25 19 19 19 19 19 19 19.25 20 20 20 20 20 20 20.75 21 21 21 21 21 21.75 22 22 22 22 22 22.5 23 23 23 23 23.25 24 24 22 22.75 23 23 23 23 23 23.75 24 24 24 24 24 24 24.75 25 25 25 25 25.25 26 26 26 26 26 27 27 27 27 27 27 27 27 27.75 27.25 27 27 28 28 28 28 28 28 28 28 28 28 28 28 28 27.5 27.25 27 27 27 27 27 27 27 27 27 27 27 27 27 27 27 27 27 27 27 27 27 27 27 27 27 27 27 27 26.75 26.5 26 NA NA NA NA NA NA NA NA NA NA NA NA NA NA NA NA NA NA NA NA NA NA NA NA NA NA NA NA NA NA NA NA NA NA NA NA NA NA NA NA NA NA NA NA NA NA NA NA NA NA NA NA NA NA NA NA NA NA NA NA NA NA NA NA NA NA NA NA NA NA NA NA NA NA NA NA NA NA NA NA NA NA NA NA NA NA NA NA NA NA NA NA NA NA NA NA NA 
NA NA NA NA NA NA NA NA NA NA NA NA NA NA NA NA NA NA NA NA NA NA NA NA NA NA NA NA NA NA 18 18 18 18 18 18 18.25 19 19 19 19 19 19 19.25 20 20 20 20 20 20 20.75 21 21 21 21 21 21.25 22 22 22 22 22 22.75 23 23 23 23 23.25 24 24 24 22.75 23 23 23 23 23 23.25 24 24 24 24 24 24 25 25 25 25 25 25 25.5 26 26 26 26 26 27 27 27 27 27.5 28 27 28 27.75 27.5 27.25 27 27.5 28 28 28 28 28 28 28 28 28 28 28 28 28 28 28 28 27.5 28 27.75 27.5 27.5 27.5 27.5 27.25 27 27 27 27 27 27 27 27 27 27 27 27 27 27 27 27 27 27 27 27 26.5 NA NA NA NA NA NA NA NA NA NA NA NA NA NA NA NA NA NA NA NA NA NA NA NA NA NA NA NA NA NA NA NA NA NA NA NA NA NA NA NA NA NA NA NA NA NA NA NA NA NA NA NA NA NA NA NA NA NA NA NA NA NA NA NA NA NA NA NA NA NA NA NA NA NA NA NA NA NA NA NA NA NA NA NA NA NA NA NA NA NA NA NA NA NA NA NA NA 
NA NA NA NA NA NA NA NA NA NA NA NA NA NA NA NA NA NA NA NA NA NA NA NA NA NA NA NA NA 18 18 18 18 18 18 18.25 19 19 19 19 19 19 19.25 20 20 20 20 20 20 20.75 21 21 21 21 21 21.25 22 22 22 22 22 22.75 23 23 23 23 23 23.75 24 24 24 23 23 23 23 23 23 24 24 24 24 24 24 24.75 25 25 25 25 25 25.25 25.75 26 26 26 26 26 27 27 27 27 27 27.25 28 28 28 28 28 27.25 27.5 28 28 28 28 28 28 28 28 28 28 28 28 28 28 28 28 28 28 28 28 28 28 28 27.75 27 27 27 27 27 27 27 27 27 27 27 27 27 27 27 27 27 27 27 27 26.75 26 NA NA NA NA NA NA NA NA NA NA NA NA NA NA NA NA NA NA NA NA NA NA NA NA NA NA NA NA NA NA NA NA NA NA NA NA NA NA NA NA NA NA NA NA NA NA NA NA NA NA NA NA NA NA NA NA NA NA NA NA NA NA NA NA NA NA NA NA NA NA NA NA NA NA NA NA NA NA NA NA NA NA NA NA NA NA NA NA NA NA NA NA NA NA NA NA 
NA NA NA NA NA NA NA NA NA NA NA NA NA NA NA NA NA NA NA NA NA NA NA NA NA NA NA NA NA 18 18 18 18 18 18.25 19 19 19 19 19 19 19.25 20 20 20 20 20 20 20.75 21 21 21 21 21 21.25 22 22 22 22 22 22.5 23 23 23 23 23 23.75 24 24 24 24 23 23 23 23 23 23.75 24 24 24 24 24 24.5 25 25 25 25 25 25.25 26 26 26 26 26 26 26 27 27 27.5 28 27.5 27.75 27.75 28 28 28 28 28 27.75 28 28 28 28 28 28 28 28 28 28 28 28.5 28 28 28 28 28 28 28 28 28 28 28 28 28 28 28 28 28 27.75 27.5 27 27 27 27 27 27 28 27.25 27 27 27 27 27 26.75 26.5 26.5 26.5 26.5 26.5 26.5 26.5 26.5 26.25 26 26 NA NA NA NA NA NA NA NA NA NA NA NA NA NA NA NA NA NA NA NA NA NA NA NA NA NA NA NA NA NA NA NA NA NA NA NA NA NA NA NA NA NA NA NA NA NA NA NA NA NA NA NA NA NA NA NA NA NA NA NA NA NA NA NA NA NA NA NA NA NA NA NA NA NA NA NA NA NA NA NA NA NA NA NA NA NA 
NA NA NA NA NA NA NA NA NA NA NA NA NA NA NA NA NA NA NA NA NA NA NA NA NA NA NA NA NA NA 18 18 18 18.25 19 19 19 19 19 19 19.25 20 20 20 20 20 20 20.75 21 21 21 21 21 21 21.75 22 22 22 22 22.25 23 23 23 23 23 23.75 24 24 24 24 24.75 23 23 23 23 23.5 24 24 24 24 24 24 25 25 25 25 25 25 26 26 26 26 26 26 26 26 27 27 27 27 28 27.75 28 28 27.5 27.75 28 28 28 28 28 28 28 28 28 28 28 28.25 29 29 29 28 28 28 28 28 28 28 28 28 28 28 28 28 28 28 28 28 28 28 28 27.25 27 27 27 27 28 27 27 27 27.5 27.75 27 27 27 27 27 27 27 27 27 27 27 27 27 26.5 26 NA NA NA NA NA NA NA NA NA NA NA NA NA NA NA NA NA NA NA NA NA NA NA NA NA NA NA NA NA NA NA NA NA NA NA NA NA NA NA NA NA NA NA NA NA NA NA NA NA NA NA NA NA NA NA NA NA NA NA NA NA NA NA NA NA NA NA NA NA NA NA NA NA NA NA NA NA NA NA NA NA NA NA NA 
NA NA NA NA NA NA NA NA NA NA NA NA NA NA NA NA NA NA NA NA NA NA NA NA NA NA NA NA NA 18 18 18 18.25 19 19 19 19 19 19 19.25 20 20 20 20 20 20 20.5 21 21 21 21 21 21 21.75 22 22 22 22 22 22.75 23 23 23 23 23.75 24 24 24 24 24.25 25 23 23 23 23.25 24 24 24 24 24 24 24.5 25 25 25 25 25 25.75 26 26 26 26 26 26 26 26.75 27 27 27 27.5 28 28 27.5 27.25 28 28 28 28 28 28 28 28 28 28 28 28.25 28.5 28.75 29 29 29 28 28 28 28 28 28 28 28 28 28 28 28 28 28 28 28 28 28 28 28 28 27.5 27.5 28 27.25 28 28 28 27.75 27.75 28 27.75 27 27 27 27 27 26.75 26.5 26.25 26.25 27 27 27 27 26.75 26 NA NA NA NA NA NA NA NA NA NA NA NA NA NA NA NA NA NA NA NA NA NA NA NA NA NA NA NA NA NA NA NA NA NA NA NA NA NA NA NA NA NA NA NA NA NA NA NA NA NA NA NA NA NA NA NA NA NA NA NA NA NA NA NA NA NA NA NA NA NA NA NA NA NA NA NA NA NA NA NA NA NA NA 
NA NA NA NA NA NA NA NA NA NA NA NA NA NA NA NA NA NA NA NA NA NA NA NA NA NA NA NA NA 18 18 18.25 19 19 19 19 19 19 19.25 20 20 20 20 20 20 20.25 21 21 21 21 21 21.25 22 22 22 22 22 22 22.5 23 23 23 23 23.5 24 24 24 24 24.25 25 25 23 23 23 24 24 24 24 24 24 24.25 25 25 25 25 25 25.25 26 26 26 26 26 26 26 26 27 27 27 27 27.25 27 27.75 27 27 28 28 28 28 28 28 28 28 28 28 29 29 29 29 29 29 29 28 28 28 28 28 28 28 28 28 28 28 28 28 28 28 28 28 28 28 28 28 27.75 27 27.5 27 28 28 28 28 28 28 27.25 27 27 27 27 27 27 27 27 26.75 27 27 27 27 27 27 NA NA NA NA NA NA NA NA NA NA NA NA NA NA NA NA NA NA NA NA NA NA NA NA NA NA NA NA NA NA NA NA NA NA NA NA NA NA NA NA NA NA NA NA NA NA NA NA NA NA 21 NA NA NA NA NA NA NA NA NA NA NA NA NA NA NA NA NA NA NA NA NA NA NA NA NA NA NA NA NA NA NA NA 
NA NA NA NA NA NA NA NA NA NA NA NA NA NA NA NA NA NA NA NA NA NA NA NA NA NA NA NA NA 18 18.25 19 19 19 19 19 19 19 20 20 20 20 20 20 20 20.5 21 21 21 21 21.25 22 22 22 22 22 22 22.25 23 23 23 23 23 23.25 24 24 24 24.25 24.75 25 25 23 23 23.75 24 24 24 24 24 24.25 24.75 25 25 25 25 25 25.75 26 26 26 26 26 26 26.5 26.75 27 27 27 27 27 27 27.75 27.5 27.75 28 28 28 28 28 28 28.25 28 28 28 28.5 29 29 29 29 29 29 28 28 28 28 28 28 28 28 28 28 28 28 28 28 28 28 28 28 28 28 28 28 27.75 27.5 27.75 28 28 28 28 28 28 28 28 27.75 27.25 27 27 27.5 27.5 27 27 27 27 27 27 27 27 NA NA NA NA NA NA NA NA NA NA NA NA NA NA NA NA NA NA NA NA NA NA NA NA NA NA NA NA NA NA NA NA NA NA NA NA NA NA NA NA NA NA NA NA NA NA NA NA 22 22 21.75 21 NA NA NA NA NA NA NA NA NA NA NA NA NA NA NA NA NA NA NA NA NA NA NA NA NA NA NA NA NA NA NA 
NA NA NA NA NA NA NA NA NA NA NA NA NA NA NA NA NA NA NA NA NA NA NA NA NA NA NA NA 18 18.25 19 19 19 19 19 19 19 19 19.25 19.75 20 20 20 20 20.25 21 21 21 21 21 22 22 22 22 22 22 22 23 23 23 23 23 23.5 24 24 24 24 24.75 25 25 25 23 23 24 24 24 24 24 24 24.5 25 25 25 25 25 25.25 26 26 26 26 26 26 26 27 27 27 27.25 27 27 27 27 27.75 28 28 28 28 28 28 28 28 28 28 28 28 28.25 29 29 29 29 29 29 28 28 28 28 28 28 28 28 28 28 28 28 28 28 28 28 28 28 28 28 28 28 28 28 28 28 28 28 28 28 28 28 28 28 28 28 28 28 27.5 27 27 27 27 27 27 26.75 27 NA NA NA NA NA NA NA NA NA NA NA NA NA NA NA NA NA NA NA NA NA NA NA NA NA NA NA NA NA NA NA NA NA NA NA NA NA NA NA NA NA NA NA NA NA NA NA 22 22.5 22.75 22.25 21.75 21 21 NA NA NA NA NA NA NA NA NA NA NA NA NA NA NA NA NA NA NA NA NA NA NA NA NA NA NA NA NA 
NA NA NA NA NA NA NA NA NA NA NA NA NA NA NA NA NA NA NA NA NA NA NA NA NA NA NA NA 18.25 19 18.75 18.5 19 19 19 19 19 19 19.5 20 20 20 20 20.25 20.75 21 21 21 21 21 22 22 22 22 22 22.25 22.75 23 23 23 23.25 24 24 24 24 24 24 25 25 25 25 23 23.75 24 24 24 24 24 24.5 25 25 25 25 25 25 25.25 25.5 25.5 25.75 26 26 26 26.75 27 27 27 28 27.5 27.5 27.5 27.25 27 27.75 28 28 28 28 28 28 28.5 28 28 28 28 28.25 28 28.5 28.5 29 29 29 28 28 28 28 28 28 28 28 28.5 28.5 28.5 28.25 28 28.25 28 28 28 28 28 28 28 28 28 28 28 28 28 28 28 28 28 28 28 28 28 28 28 28 27.5 27 27 27 27 27 27 27 27 27 NA 26 26 26 NA NA NA NA NA NA NA NA NA NA NA NA NA NA NA NA NA NA NA NA NA NA NA NA NA NA NA NA NA NA NA NA NA NA NA NA NA 23 23 23 22.5 22.25 22.5 22.75 23 23 23 21.75 21.5 21 NA NA NA NA NA NA NA NA NA NA NA NA NA NA NA NA NA NA NA NA NA NA NA NA NA NA NA NA 
NA NA NA NA NA NA NA NA NA NA NA NA NA NA NA NA NA NA NA NA NA NA NA NA NA NA NA 18.25 19 18.5 18 19 19 19 19 19 19 19.25 19.75 20 20 20 20.75 21 21 21 21 21 21.25 21.75 22 22 22 22 22.5 23 23 23 23 23 23.75 24 24 24 24 24 24.5 25 25 25 25.25 23.25 24 24 24 24 24 24 25 25 25 25 25 25 25 25 25 25.75 26 26 26 26 26.25 27 27 27 28 28 28 27.75 28 28 28 28 28 28 28 28 28 28.25 28.5 28.75 28.5 28 29 28.25 28.5 28.5 28.75 29 29 28 28.5 28.25 28.25 28 28.5 28 28 28.5 29 29 29 29 29 29 29 28.75 28.5 28.5 28.25 28 28 28 28 28 28.5 28.75 28.5 28 28 28 28.5 28 28 28 28 28 28 27.5 27 27 27 27 27 27 27 27 27 26.75 26.5 26.5 26.5 26 26 25.5 26 26 25.5 25.33333 25 25 25 25 25 NA NA NA NA NA NA NA NA NA NA NA NA NA NA NA NA NA NA NA NA NA NA NA NA 23.66667 24 24 23.75 23.75 23.5 23.5 23.5 23.5 23.5 23 22.5 22.25 21.75 21.5 NA NA NA NA NA NA NA NA NA NA NA NA NA NA NA NA NA NA NA NA NA NA NA NA NA NA NA 
NA NA NA NA NA NA NA NA NA NA NA NA NA NA NA NA NA NA NA NA NA NA NA NA NA NA 18.33333 19 19 19 19 19 19 19 19 19 19.75 20 19.5 20 20 20 21 21 21 21 21.25 21.5 22 22 22 22 22 22.25 22.75 23 23 23 23 23.25 24 24 24 24 24.5 24.5 24.75 25 25 25.25 26 24 24 24 24 24 24 24 25 25 25 25 25 25 25 25.5 25.75 25.75 26 26 26 26 26.5 27 27 27 27.75 27.75 28 28 28 28 28 28 28 28 28 28.25 28.5 28.75 28 28.25 28 28 29 29 29 29 29 29 29 29 29 29 29 29 29 28.5 28 28.5 29 29 29 29 29 29 29 29 29 29 29 28.25 28 28 28 28 29 29 29 29 28.25 28 29 29 28 28 28 28 28 28 27.5 27.25 27 27.75 27.75 27.25 27 27 27 27 27 27.25 27 26.75 26.5 26.5 26 26 26 26.25 26 25.75 25.75 25.75 25.75 25 25.25 25 25 25 24 NA NA NA NA NA NA NA NA NA NA NA NA NA NA NA NA NA 23.5 24 24 24.25 24 24.25 24 24 24 24 24 23 23 23 22 22 22 22 NA NA NA NA NA NA NA NA NA NA NA NA NA NA NA NA NA NA NA NA NA NA NA NA NA 
NA NA NA NA NA NA NA NA NA NA NA NA NA NA NA NA NA NA NA NA NA NA NA NA 18 18.25 19 19 19 19 19 19 19 19 19.25 20 20.25 20 20 20.5 20.5 20 20.25 21 21 21 21.25 21.75 22 22 22 22 22.75 23 23 23 23 23 23 23.75 24 24 24 24.25 25 25 25 25 25 25.5 26 24 24 24 24 24 24 24 24.5 25 25 25 25 25 25.25 26 26 26 26 26 26 26 26.5 27 27 27 27 27 28 28 28 28 28 28 28 28 28.25 28.75 28.75 28.75 28.75 28.5 28.75 28.75 29 29 29 29 29 29 29 29 29 29 29 29 29 29 28 28.75 29 29 29 29 29 29 29 29 29 29 29 28.75 28 28 28 28 29 29 29 29 29 29 29 29 29 28.25 28 28 28 28 28 28 27.25 27.75 27.75 27 27 27 27 27 27.25 27.75 27 26.75 27 27.5 27 27.25 27.25 26.75 26 26.75 26.25 26.25 25.75 25.5 26 25.75 25.25 25.5 25 NA NA NA NA NA NA NA NA NA NA NA NA NA NA NA NA 24 24 24.5 24.5 24.5 25 25 24 24 24 24 24 23.5 22.75 23 22.75 22.75 22.5 22 22 22 22 22 22 21.5 NA NA NA NA NA NA NA NA NA NA NA NA NA NA NA NA NA NA NA 
NA NA NA NA NA NA NA NA NA NA NA NA NA NA NA NA NA NA NA NA NA NA NA NA 18.33333 19 19 19 19 19 19 19 19 19 19.25 19.25 20 20 20 20 20.75 20.75 20.5 21 21 21.75 22 22 22 22 22 22.25 23 23 23 23 23 23.25 23.5 24 24 24 24 24.75 25 25 25 25 25.25 25.75 26 24 24 24 24 24 24.25 24.75 25 25 25 25 25 25 25.25 25.75 26 26 26 26 26.25 26.75 27 27 27 27 27 27 28 28 28 28 28 28 28 28 28 28 28.25 28.5 29 28.75 29 29 29 29 29 29 29 29 29 28.75 29 29 29 29 29 29 29 29 29 29 29 29 29 29 29 29 29 29 29 29 28.25 28.5 28.25 28 29 29 29 29 29 29 29 29 29 29 28.5 28.25 28 28 28 28 27.75 28 27.75 27.75 28 27.75 27.25 27 28 27.25 27.5 28 27.5 27.5 27.25 27.25 27.75 27.25 26.5 27 26.25 26 26.25 26 26.25 26 25.5 25.25 26 24.33333 NA NA NA NA NA NA NA NA NA NA NA NA NA NA NA 23.5 24.75 25 24.5 24.75 25 24.5 24 24 24 24 23.75 23 23 23 23 23 23 22.75 22.25 22 22 22 22 21.5 21.25 21 NA NA NA NA NA NA NA NA NA NA NA NA NA NA NA NA NA 
NA NA NA NA NA NA NA NA NA NA NA NA NA NA NA NA NA NA NA NA NA NA NA 18 18.5 19 19 19 19 19 19 19 19 19 19 19 19.5 19.5 20 20.25 20 20.5 20.75 20.5 20.75 21.5 21.5 21.5 21.5 21.5 21.5 21.75 22.5 22.5 22.5 22.5 22.5 22.75 23.25 23.5 23.5 23.5 23.75 24 24 24.5 24.5 24.75 25 25 25 24 24 24 24 24.5 25 25 25 25 25 25 25.25 25.5 25.5 25.75 26 26 26 26 26.75 27 26.75 27 27 27 27 27.25 27.5 27.5 28 28 27.75 27.5 27.5 27.5 28 28 28.25 28 28.5 28.25 28.25 28.5 28.25 28.5 28.5 28.5 28.5 28.5 28.75 27.75 28 28 28 28 28 28 28 28 28 28.5 28.5 28.5 28.5 28.5 28.5 28.5 28.5 28.25 28 28 28 27.75 27.5 27.5 28.5 28.5 28.5 28.5 28.5 28.5 28.5 28.5 28.5 28.5 28.5 27.5 28.25 28 27.5 27.5 27.5 27.5 27.5 27.5 27.5 27.5 27.5 26.75 26.75 27.5 27.75 27.75 27.5 27 28 27.25 27.75 27.5 27.5 27.5 27.25 26.75 27 26 26.5 27 26.25 26 26 25.75 24 NA NA NA NA NA NA NA NA NA NA NA NA NA 24 24.25 25 24.5 24.5 25 25 24.5 24 23.75 23.5 23.75 23.75 23 23 22.5 22.5 22.5 22.5 22.5 22.5 22.25 21.75 21.5 21.5 21.5 21.5 21.25 20.33333 NA NA NA NA NA NA NA NA NA NA NA NA NA NA NA NA 
NA NA NA NA NA NA NA NA NA NA NA NA NA NA NA NA NA NA NA NA NA NA 18 18 18.75 19 19 19 19 19 19 19 19.25 19.75 19.5 20 19.75 20 20 20 20 20 20.5 20.75 21 21 21 21 21 21 21 21.75 22 22 22 22 22 22 22.5 23 23 23 23 23 23.25 24 24 24 24 24 24.5 24 24 24 24.75 25 25 25 25 25 25 25 26 26 26 26 26 26 26 26 26.75 26.25 27 27 27 27 27 27 27 27.5 28 28 27.5 27.5 27.5 28 28 28 28 28 28 28 28 28 28 28 28 28 28 28.5 29 28 27.75 27.5 27.5 27.5 27.75 28 28 27 27.25 28 28 28 28 28 28 28 28 28 28 27.75 27 27 27 27 28 28 28 28 28 28 28 28 28 28 28 28 28 28 27 27 27 27 27 27 27 27 27 27 26.5 27 27 27.75 28 27.5 27.75 27.5 27.25 27.5 28 27.75 27.75 27.75 27 26.5 26.25 27 27 26.25 26 25.5 24.33333 NA NA NA NA NA NA NA NA NA NA NA NA 23.33333 24 24.5 25 24.5 25 25 25 24.75 24 23.75 23.5 23 23 23 23 22.5 22.5 22 22 22 22 22 21.25 21 21 21 21 21 20.75 20.25 NA NA NA NA NA NA NA NA NA NA NA NA NA NA NA 
NA NA NA NA NA NA NA NA NA NA NA NA NA NA NA NA NA NA NA NA NA NA 18 18 19 19 19 19 19 19 19 19 19 19 19 20 20 20 20 20 20 20 21 21 21 21 21 21 21 21.25 21.75 22 22 22 22 22 22 22.25 22.5 23 23 23 23 23 24 24 24 24 24 24.5 25 24 24 24.25 25 25 25 25 25 25 25 25 26 26 26 26 26 26 26 26.25 26.5 27 27 27 27 27 27 27 27 28 28 28 28 28 28 28 28 28 28 28 28 28 28 28 28 28 28.5 28.75 29 29 29 28 28 28 28 28 28 28 28 27.75 28 28 28 28 28 28 28 28 28 28 28 28 27 27 27.75 27.5 28 28 28 28 28 28 28 28 28 28 28 28 28 28 28 27.5 27.25 27 27 27 27 27 27 26.5 26 27 27.5 28 28 28 27.5 27 27.25 28 28 27.25 27 27.25 27 27.75 27.5 27.25 27.5 27.25 26 25 25.25 NA NA NA NA NA NA NA NA NA NA NA 24 24.5 24.5 24.75 25 25 25.25 25 25 24.75 24.25 24 24 24 23 23 23 23 23 22.5 22 22 22 22 21.5 21 21 21 21 21 21 21 20.33333 NA NA NA NA NA NA NA NA NA NA NA NA NA NA 
NA NA NA NA NA NA NA NA NA NA NA NA NA NA NA NA NA NA NA NA NA 18 18 18 18 19 19 19 19 19 19 19 19 19 20 20 20 20 20 20 20.75 20.25 21 21 21 21 21 21 21.75 21.75 22 22 22 22 22 22.25 23 22.75 23 23 23 23.25 23.5 24 24 24 24 24 24 25 25 24 24 24.5 25 25 25 25 25 25 25 25.5 26 26 26 26 26 26 26 27 26.5 27 27 27 27 27 27 27 27.25 27.25 28 28 28 28 28 28 28 28 28 28 28 28 28 28 28 28.25 29 29 29 29 29 28 28 28 28 28 28 28 28 28 28 28 28 28 28 28 28 28 28 28 28 28 27.5 27.5 28 28 28 28 28 28 28 28 28 28 28 28 28 28 28 28 28 28 27.75 27 27 27 26.5 27 26.5 26.25 26 27 27.75 28 27.75 27.75 27.5 27.75 27.75 28 28 28 27 27.25 27.25 28 28 27.75 27 27 26.75 26.25 25.5 25.75 26 NA NA NA NA NA NA NA NA NA 24.25 24.75 25 25.25 25.75 25.5 25 25 25 24.5 24 24 24 24 23 23 23 23 23 22.75 22.5 NA NA NA NA NA 22 21.25 21 21 21 21 NA NA NA NA NA NA NA NA NA NA NA NA NA NA NA 
NA NA NA NA NA NA NA NA NA NA NA NA NA NA NA NA NA NA 18 18 18 18 18 18 18.5 18.75 19 19 19 19.25 19.75 19 19 19.25 20 20 20 20 20 20.5 20.75 21 21 21 21 21.75 21 21.5 22 22 22 22 22 22 22.75 22.75 23 23 23 23 23 23 23.75 24 24 24 24 24 24.5 25 25 24 24 24.5 25 25 25 25 25 25 25 25.75 26 26 26 26 26 26 26 26.5 26.75 27 27 27 27 27 27 27 28 28 28 28 28 28 28 28 28 28 28 28 28 28 28 28.25 28.25 29 29 29 29 29 29 28 28 28 28 28 28 28 28 28 28 28 28 28 28 28 28 28 28 28 28 28 28 27.25 28 28 28.25 28 28 28 28 28 28 28 28 28 28 28 28 28 28 28 28 28 27.75 27.25 27 26.5 27 26.25 26.5 27.5 28 28 28 28 28 28 28 28 28 27.25 27.5 28 28 28 27.75 28 27 26.5 26.75 26.25 26.5 26 25.5 25 NA NA NA NA NA NA NA 24.33333 25 25 26 26 26 26 25 25 24.5 24.5 24 24 24 24 23.5 23 23 23 23 23 23 NA NA NA NA NA NA NA 21 21 NA NA NA NA NA NA NA NA NA NA NA NA NA NA NA NA NA 
NA NA NA NA NA NA NA NA NA NA NA NA NA NA NA NA NA NA 18 18 18.25 18 18 18.25 19 19 19 19 19 19 19.5 19.5 19.75 20 20 20 20 20 20 20.5 20.25 21 21 21 21 21 21 21 21.75 22 22 22 22 22 23 23 23 23 23 23 23 23 23.25 23.75 24 24 24 24 25 25 25 24 24.25 25 25 25 25 25 25 25 25.5 26 26 26 26 26 26 26 26 26.75 27 27 27 27 27 27 27 27.5 27.75 27.75 27.5 28 28 28 28 28 28 28 28 28 28 28 28 28.75 29 29 29 29 29 29 29 28 28 28 28 28 28 28 28 28 28 28 28 28 28 28 28 28 28 28 28 28 28 27.75 27.75 28 29 28.25 28 28.25 29 28 28 28 28.25 28 28.25 28 28 28 28 28 28 28 28 28 27.75 27.5 26.75 27.25 27.25 28 28 28 28 28 28 28 28 28 28 28 28.25 28.5 28 28 28 27.5 27.25 27 27 27 27.25 26.75 25.75 25 NA NA NA NA NA NA NA 24.75 25 26 26 26 26 26 26 25.25 24.75 24.5 24.25 24 24 24 23.75 23.5 24 23.5 23.5 23 23 NA NA NA NA NA NA NA NA NA NA NA NA NA NA NA NA NA NA NA NA NA NA NA NA NA NA 
NA NA NA NA NA NA NA NA NA NA NA NA NA NA NA NA NA NA NA 18 18.5 18.75 19 18.25 19 19 19 19 19 19 20 20 20 20 20 20 20 20 20 20.5 20.75 21 21 21.25 21.75 21.25 21 21 21.5 22 22 22 22 22 22 22.75 23 23 23 23 23 23 23.25 24 24 24 24 24 25 25 25 24 24.75 25 25 25 25 25 25 25.25 26 26 26 26 26 26 26 26 26.25 26.75 27 27 27 27 27 27 27.5 27.75 28 28 28 28 28 28 28 28 27.25 28 28 28 28 28 28 28.5 28.75 29 29 29 29 29 29 28 28 28 28 28 28 28 28 28 28 28 28 28 28 28 28 28 28 28 28 28 28 28 28 28 29 29 28.25 28.5 29 28.25 29 28.5 28.25 28.75 28.5 28 28 28 28 28 28 28 28 28 28 27 27.25 27.25 27 28 28 28.75 28 28.5 28 28 28 28 28 28 28.25 28 28 28 28.25 27.75 27.5 28 27.25 27 27 27 27 26.25 25.5 25 NA NA NA NA 24.75 25.25 25.5 26.25 26.5 26.5 26.25 26 26 26 25.75 25 25 24.5 24 24 24 24 24 24 23.75 23 NA NA NA NA NA NA NA NA NA NA NA NA NA NA NA NA NA NA NA NA NA NA NA NA NA NA NA 
NA NA NA NA NA NA NA NA NA NA NA NA NA NA NA NA NA NA NA 18 18 18 18.75 19 19 19 19.75 19 19 19.25 20 20 20 20 20 20 20 20 20 20.75 21 21 21 21 21.75 22 21 21 21.25 22 22 22 22 22 22 22 22 22.75 23 23 23 23.25 24 24 24 24 24.75 25 25 25 25 24.5 25 25 25 25 25 25 25.25 26 26 26 26 26 26 26 26 26 26.25 26.75 27 27 27 27 27 27.25 27.5 27.75 28 28 28 28 28 28 28.25 28.25 28 28 28 28 28 28 28 28.25 29 29 29 29 29 29 29 28 28 28 28 28 28 28 28 28 28 28 28 28 28 28 28 28 28 28 28 28 28 28 28 28 29 29 28.75 29 29 29 29 29 29 29 29 28.75 28 28.25 28 28 28.25 28.75 28.75 28.5 28 27.5 27.75 28 27.25 28 28 28 28.75 28 28 28 28 28.25 28.5 27.75 28.25 28.25 28 28 28.75 28.75 28.25 28.25 28.5 28 27.25 27 27 26.5 26 26 25.75 25.25 25.5 25 25.5 26 26.25 27 26.5 26.75 26.5 26 26 26 26 25.75 25 24.75 24 24 24 NA NA NA NA NA NA NA NA NA NA NA NA NA NA NA NA NA NA NA NA NA NA NA NA NA NA NA NA NA NA NA NA 
NA NA NA NA NA NA NA NA NA NA NA NA NA NA NA NA NA NA NA 18 18 18 18 18.5 19 19 19.75 19.75 19.5 20 20 20 20.25 20.25 20.5 21 20.75 20 20.25 21 21 21 21 21.25 21.5 22 22 21.75 21.5 22 22 22 23 23 22.5 22.5 22.75 23 23 23 23.5 24 24 24 24 24 25 25 25 25 25 25 25 25 25 25 25 25 25.75 26 26 26 26 26 26 26 26 26 26.5 26.75 26.5 27 27 27 27 27 27 27.75 28 28 28 28 28 28 28 28 28 28 28 28 28 28 28 28.5 29 29 29 29 29 29 29 28 28.25 28.25 28 29 28.5 28 28.25 28.75 28.75 28.75 28 28 28 28.25 29 28.75 28.5 28.5 28.5 28.25 28 28 28 28 29 29 29 29 29 29 29 29 29 29 29 29 29 28 28 28.5 28.5 28.25 28.5 28.5 28 28 28 28 27.75 28.25 28.25 28 28.25 28 28.25 28.25 28.75 29 29 27.5 27.5 28.5 29 29 29 28.5 28.25 29 28.75 28.5 28.5 27 27 26.5 26.5 26.25 26 26 26 25.5 26 26 26.75 27 26.25 26 26.25 26 26.5 26 26 25.75 25.75 25 24.75 24.5 24 NA NA NA NA NA NA NA NA NA NA NA NA NA NA NA NA NA NA NA NA NA NA NA NA NA NA NA NA NA NA NA NA 
NA NA NA NA NA NA NA NA NA NA NA NA NA NA NA NA NA NA NA NA 18.5 18 18.25 18.5 19 19 20 20.25 20.5 20 20 20.75 20.5 20 20.75 21 20.25 20.25 20.5 21 21 21 21 21 21.75 22 22 22 22 22 22 22 23 23 23 23 23 24 24 24 24 24 24 24 24 24 25 25 25 25 25 25 25 25 25 25 25 25 25 25 26 26 26 26 26 26 26.5 26.5 26.75 26.5 26 26.5 27 27 27 27 27.25 27.75 28 28 28 28 28 28 28 28 28 28 28 28 28.5 28 28 28.25 29 29 29 29 29 29 29 28 28.5 29 29 29 29 28 28.5 29 28.75 29 28.75 28.25 28 28.5 29 29 29 29 29 29 28.25 28 28 28.25 29 29 29 29 29 29 29 29 29 29 29 29 29 28.25 28.75 29 28 28 28.25 28.75 29 28.75 28 28 28 29 29 29 28 28.75 29 28.25 28.75 28.5 29 28.5 27.5 28.5 28.75 29 28.75 28.25 29 28.75 28 28 28.75 28 27.25 27.25 27 27 27 26.25 26 26 26 26.75 27 27 27 26.25 26 26 26 26 26 26 26 25.25 25.5 25 24.5 25 NA NA NA NA NA NA NA NA NA NA NA NA NA NA NA NA NA NA NA NA NA NA NA NA NA NA NA NA NA NA NA 
NA NA NA NA NA NA NA NA NA NA NA NA NA NA NA NA NA NA NA NA 19 18.5 19 19 19 19 19.25 20 20 20 20 21 20.5 20.75 21 21 21 20.5 21 21 21 21 21.25 21 22 22 22 22 22 22 22 22.5 23 23 23 23.25 23.5 23.75 24 24 24 24 24 24 24 24.75 25 25 25 25 25 24.5 25 25 25 25 25 25 26 26 26 26 26 26 26 26.25 27 27 27 27 26.5 26.75 27 27 27 27 27 27 27.5 27.75 28 28 28 28 28 28 28 28 28 28.75 29 29 29 29 29 29 29 29 29 29 29 28 28.5 29 29 29 29 28.25 28.5 29 29 29 29 28.25 28 28.5 29 29 29 29 29 29 28.75 28 28.25 28.5 29 29 29 29 29 29 29 29 29 29 29 29 29 28.75 29 29 29 28.75 29 29 29 29 28.75 28.25 29 29 29 29 29 29 29.25 28.75 29 29 29 29 28 28 28.5 29 28.25 28.25 29 29 28.25 29 29 29 28.25 28 27.5 27 27 26.75 26 26 26.75 27 27 27 27 27 27 26.25 26 26 26 25.75 25.75 26 26 25 25 25 25 NA NA NA NA NA NA NA NA NA NA NA NA NA NA NA NA NA NA NA NA NA NA NA NA NA NA NA NA NA NA 
NA NA NA NA NA NA NA NA NA NA NA NA NA NA NA NA NA NA 18 18 18.5 18 18.5 19 19 19 20 20.5 20.75 20.75 20.25 21 21 21 21 21 21 21 21 21 21 21.5 21.75 21.75 21.75 22 22 22 22 22.75 22.75 23 23 23 23.25 23.75 24 24 24 24 24 24 24 24 24.25 24.75 25 25 25 25 25 25 25 25 25 25 25 25.75 26 26 26 26 26 26 26 26.25 26.5 27 27 26.5 26.5 26.75 27 27 27 27 27.25 27.5 27.25 27.75 28 28 28 28 28 28 28 28 28 28.25 29 29 29 29 29 29 29 29 29 29 29 28.5 28.25 29 29 29 29 28.75 28.75 29 29 29 29 28.75 28.5 28.5 29 29 29 29 29 29 29 28 28.75 28.25 29 29 29 29 29 29 29 29 29 29 29 29 29 29 29 29 29 29 29 29 29 29 29 28.75 28 29 29.25 29 29 29 29 29.25 29 29 29.25 29 29 28 28.5 28.75 28.5 29 28.75 28.75 28.5 29 29 28.75 28.25 28 27.75 27 27 27 26.75 26.25 27 27 27.25 27.75 27.25 27 27 27 27 26.75 26.25 26 26 26 25.5 25.5 25 25 25 NA NA NA NA NA NA NA NA NA NA NA NA NA NA NA NA NA NA NA NA NA NA NA NA NA NA NA NA NA NA 
NA NA NA NA NA NA NA NA NA NA NA NA NA NA NA NA NA 18.5 19 19 19 18.5 18.5 19 19.5 19.75 20.5 20.75 20 20.5 20.5 20.75 20.5 21 21 21 20.75 21 21 21.25 21 22 22 22 22 22 22 22 22 23 23 23 23 24 24 24 24 24 24 24 24 24 24 24.25 24.75 25 25 25 25 25 25.25 25 25 25 25 25 25.5 26 26 26 26 26 26 26 26 26 26.25 27 27 27 27 27 27 27 27 27 27 28 28 28 27.75 28 28 28 28 28 28 28 28.75 29 29 29 29 29 29 29 29 29 29 29 29 28.75 29 29 29 29 29 29 29 29 29 29 29 29 29 28.75 29 29 29 29 29 29 29 28.5 28.5 28.75 29.25 29 29 29 29 29 29 29 29 29 29 29 29 29 29 29 29 29 29 29 29 29 29 29 28.25 29.75 29 29 29.25 29.5 29 29 29.25 29 29.5 29.75 29.5 29.25 28.5 28.75 29 29 29.25 28.5 28.75 29 28.75 28.25 28 28.5 28.5 28 27.5 27.25 27 26 27 27 27.5 28 27.25 27 27 27 27 26.75 26.5 26 26 26 26 26 25.5 25 25.25 25 NA NA NA NA NA NA NA NA NA NA NA NA NA NA NA NA NA NA NA NA NA NA NA NA NA NA NA NA NA 
NA NA NA NA NA NA NA NA NA NA NA NA NA NA NA NA NA 18 18.5 19 19.75 19.5 19.25 19.5 19.75 20 20.75 20.75 20.25 20 20 20 20.25 20.75 21 21 21.5 21.25 21 22 21.5 22 22 22 22 22 22 22 22 22.75 23 23 23 23.75 24 24 24 24 24.25 24.75 25 24.5 25 25 25 25 25 25 25.75 26 26 25 25 25.75 25.25 25 25 26 26 26 26 26 26 26 26 26.25 26.75 27 27 27 27 27 27 27 27 27 27.5 28 28 28 28 28 28 28 28 28 28 28 28.25 29 29 29 29 29 29 29 29 29 29 29 29 28.75 29 29 29 29 29 29 29 29 29 29 29 29 29 29 29 29 29 29 29 29 29 29 28.75 29 29.75 29 29.25 29 29 29 29.75 29.25 29 29 29 29 29 29 29 29 29 29.25 29.25 29 29 29.5 29.5 29 28 30 29.75 29.5 30 29.25 29 29.25 29.75 30 30 29.75 29 29 29 29 29 29 29 29 29 29 28.75 28 28.5 29 28.25 28.25 28 28 27.25 26.25 27 27 27.25 28 27.5 27.5 27.25 27 27 27 27 26.5 26.5 26.5 26 26 26 25.5 25.25 25 NA NA NA NA NA NA NA NA NA NA NA NA NA NA NA NA NA NA NA NA NA NA NA NA NA NA NA NA NA 
NA NA NA NA NA NA NA NA NA NA NA NA NA NA NA NA NA NA 19 18.75 19.75 19 19.25 19.75 20 20 20 21 21 20 20.25 20.75 20.25 20.5 21 21.5 22 21.5 21.75 22 22 22 22 22 22 22 22 22.25 22.25 22.25 23 23 23 23.5 24 24 24 24 24.25 24.75 25 25 25 25 25 25 25 25.25 25 26 26 25 25 25.25 25.5 25 25 25.75 26 26 26 26 26 26 27 27 27 27 27 27 27.5 27.5 27 27 27 27 27.75 28 28 28 28 28 28 28 28 28 28 28.5 28.75 29 29 29 29 29 29 29 29 29 29 29 30 29 29 29 29 29 29 29 29 29 29 29 29 29 29 29 29 29 29 29 29 29 29 29 29 29 30 29.5 29.75 29 29.5 29.5 30 29.75 29 29 29 29 29 29 29 29 29 29.25 29.5 30 29.25 29 29.25 29.25 28.75 30.5 30.5 30.5 30.25 29.75 29.5 29.5 29.25 29.5 30 29 29 29.5 29.75 29 29.5 29.25 29.5 29.75 29 28.75 28.5 28.25 28.25 28.25 28 28.5 28.5 28 27.75 27 27 27 27.75 28 28 28 28 27.25 27 27 27 27 27 27 26.5 26.75 26 26 26 25.25 NA NA NA NA NA NA NA NA NA NA NA NA NA NA NA NA NA NA NA NA NA NA NA NA NA NA NA NA NA 
NA NA NA NA NA NA NA NA NA NA NA NA NA NA NA NA NA NA NA 18.75 19.5 18.5 19 19.75 20.25 20 20.25 20 21 21 21 21.5 21.75 21.5 21.25 21.25 22 22 22 22 22 22 22 22 22.5 22.75 22 22 23 22.5 23 23 23 24 24 24 24 24 24 24.25 25 25 25 25 25 25 25.25 26 25 25.5 26 25 25 25 25 25.25 25.75 26 26 26 26 26 26 26 26.25 27 27 27 27 27 27 27 27.75 28 27.75 27.25 27.25 27 27 28 28 28 28 28 28.25 28.5 28 29 29 29 29 29 29 29 29 29 29 29 29.25 30 30 29 29 29 29 29 29 29 29 29 29 29 29 29 29 29 29 29 29 29 29 29 29 29 29 29 30 30 30 29 29.5 29.75 30 30 29.5 29.25 29.25 29.25 29.75 29.5 29 29 29 29.5 29.75 29.75 29 29.5 29.5 29 29.75 31 31 31 30.25 30.75 30.5 30 30 29.75 30.5 29.75 29.75 29.75 29.25 30 30 29.75 30 30 30 29.75 29 28.25 28 28 28 28.75 28.25 28 27.75 27 27.25 27.5 28 28 28 28 28 28 28 27.25 27 27 27 27 27 27 26.75 26 26 26 25.5 NA NA NA NA NA NA NA NA NA NA NA NA NA NA NA NA NA NA NA NA NA NA NA NA NA NA NA NA 
NA NA NA NA NA NA NA NA NA NA NA NA NA NA NA NA NA NA NA 19 19.5 19.25 19.75 19.5 20.25 19.75 19.5 20.5 20.75 20.5 21 20.75 21.25 22 22 21.75 22 22 21.5 22 22 22 22 22.25 23 23 22 22.5 23 23 23 23 23.25 24 24 24 24 24 24 24.25 25 25 25 25 25 25 25 25.75 25.75 25.75 26 25 25 25 25 25.5 26 26 26 26 26.25 27 26.5 26.25 26.5 27 27 27 27 27 27 27 28 27.5 28 28 28 28 28 28 28 28 28 28 28 28.5 29 29 29 29 29 29 29 29 29 29 29 29.75 30 30 30 29 29 29 29 29 29 29 29 29 29 29 29 29 29 29 29 29 29 29 29 29 29 29 29 29 30 30 30 29.75 30 30 30 30 29.25 30 30 29.5 30 30 29.5 29 29 29.5 30 29.25 29 29.25 29.5 29.25 29.5 30.25 31 31 30.25 30.75 31 31 31 31 31 30.25 30.5 30 30 30 30 29.75 30 30 30 30 29 29 28.25 28.25 28 28 28.5 28 28 28 28.5 28 28.25 28 28 28 28 28 28 27.75 27.5 27 27 27 27.5 27 27 26.25 26 26 26 26 NA NA NA NA NA NA NA NA NA NA NA NA NA NA NA NA NA NA NA NA NA NA NA NA NA NA NA 
NA NA NA NA NA NA NA NA NA NA NA NA NA NA NA NA NA NA NA NA 19 19.25 19 19.5 19.75 19.5 20 20.75 20.5 20 20.75 21 21 21.75 22 22.75 23 22.25 22 21.75 22 22.25 22.25 22.25 23 23 23 22.75 23 23 23.25 23.5 24 24 24 24 24 24 24.25 24 25 25 25 25 25 25 25.25 25 26 26 26 25 25 25 25.25 25.75 26 26 26 26.25 26.75 27 27 26.75 26.75 27 27 27 27 27 27 27 27.5 28 28 28 28 28 28 28 28 28 28.75 28.25 28 28 28 28.75 29 29 29 29 29 29 29 29.75 30 30 30 30 30 29 29 29 29 29 29 29 29.25 29 29.25 29 29 29.5 29 29 29 29.25 29.5 29.5 29.5 30 29.25 29 29 29 30 30 30 30 30 30 30 30 30 30 30 30 30 30 29.5 29 29.5 29.5 29.25 29 29 29 30 30 29.25 30.25 30.5 30.75 30.5 31 31 31 31 31 30.75 31 30.25 30 30.5 30.5 30.75 30 30 30.25 30.25 31 29.75 29.5 28 28.25 29 28.5 28.25 28.25 29 28.5 29 28.5 28 28 28 28 28 28 28 28 28 27.25 27 27.75 27.5 27 27 26.75 26 26 26 26 26 26 26 NA NA NA NA NA NA NA NA NA NA NA NA NA NA NA NA NA NA NA NA NA NA NA NA 
NA NA NA NA NA NA NA NA NA NA NA NA NA NA NA NA NA NA NA NA NA 18.5 NA NA 19 19.75 20.5 19.75 19.75 20 21.25 20.75 21.25 21.5 21.75 22.25 22.25 22.75 23 23 22 22 22.5 22.5 22.75 23.25 23 23 23 23.75 24 24 24 24 24 24 24 24 24.25 25 25 25 25 25 25 25 25.25 26 26 26 26 25 25 25.5 26 26 26 26 26 26 27 27 27 27 27 27 27 27 27 27.25 27 27.5 27.75 28 28 28 28 28 28 28 28 28.5 29 28.75 28.5 28 28 28 29 29 29 29 29 29 29.5 29.5 30 30 30 30 30 29 29 29 29 29.25 29.25 29.5 29.5 29.75 30 29.75 30 29.5 29.25 29 29 29.75 30 30 30 30 30 29 29 29 30 30 30 30 30 30 30 30 30 30 30 30 30 30 29.5 29 29.25 29.25 29 29 29.5 29 30 30 29.5 30 31 30.25 31 30.5 31 31 30.5 30.75 30.75 31 31 31 31 30.5 30.25 30 30 30.5 30.5 31 31 30.5 28.5 28.75 29 29 29 29 29 28.5 29 29 28.5 28 28 29 29 28.25 28 28 28 28 28 28 27.5 27 27 27 26.75 26 26.5 26.5 26 26 26 26 26 26 26 NA NA NA NA NA NA NA NA NA NA NA NA NA NA NA NA NA NA NA NA 
NA NA NA NA NA NA NA NA NA NA NA NA NA NA NA NA NA NA NA NA NA NA NA NA NA 19 19 NA NA NA 20 20.25 21 21.75 21.5 21.25 21.5 22 23 23 23 23 23 23.5 23.5 23 23 23 24 23.75 23.75 24 24 24 24 24.5 24.75 25 25 24.75 25 25 25 25 25 25 25.5 26 26 26 26 25.5 25.5 26 26 26 26 26 26 26 27 27 27 27 27 27 27 27 27 27 28 28 28 28 28 28 28 28 28 28 29 29 29 29 29 29.25 29.5 28.75 29 29 29 29 29 29.25 30 30 30 30 30 30 30 29 29 29 29 30 30 30 30 30 30 30 30 30 29.75 29.25 29.25 30 30 30 30 30 30 29 29.25 29 30 30 30 30 30 30 30 30 30 30 30 30 30 29.5 29 29.75 30 29 29 29 29.25 29 30 30 30 30.75 31 30.75 31 31 31 31 30.75 31 31 31 31 31 31 31 30.75 31 30.75 30.5 30 30.5 31 29.75 29 29 29.25 29 29 29 29 29 29.5 29 28.5 28.25 29 29 29 29 29 28.25 28 28.25 28 28 27.5 27 27 27 27 26.5 27 27 27 27 26.75 26.25 26 26 26 26 NA NA NA NA NA NA NA NA NA NA NA NA NA NA NA NA NA NA NA 
NA NA NA NA NA NA NA NA NA NA NA NA NA NA NA NA NA NA NA NA NA NA NA NA NA NA NA NA NA NA NA 20 21.25 22 21.25 21.75 22.5 23 22.75 22 22.25 22.25 23 24.25 24.5 24.5 23.25 23.75 24.25 24 24 24 24 24.5 25 25 24.5 24.5 25 25 25.25 25 25 25 25.25 26 26 26 26 26 26 26 26 26 26 26 26 26 26 26 26.75 27 27 27 27 27 27 27 27 27.5 28 28 28 28 28 28 28 28 28 28 28.75 29 29 29 29 29 29.25 29 29 29.5 29 29 29 29 29 29.25 29.75 30 30 30 30 29 29 29 29.25 29.25 29 29.25 29.25 30 30 30 30 30 30 30 30 30 30 30 30 30 30 29.75 29.25 29.75 30 30.75 30.5 30 30 30.25 30 30 30 30 30 30 29.75 29.75 29.75 30 29.75 29 29 29.5 29.5 29 29 30 30 31 31 31 31 31 31 31 30.75 31 31 31 31.25 31 31 32 31.75 31 31 31 31 30.5 31 29.5 29.25 29.75 29.5 30 30 29.5 29.25 29 29.25 30 29.25 29 29 29 29 29 29 28.5 28.5 28 28 28 28 27.5 27 28 27 27 27 27 27 27 27 27 27 26.25 26 26 NA NA NA NA NA NA NA NA NA NA NA NA NA NA NA NA NA NA NA 
NA NA NA NA NA NA NA NA NA NA NA NA NA NA NA NA NA NA NA NA NA NA NA NA NA NA NA NA NA NA NA NA 21.25 21.25 21.75 22 22.25 22 22.25 22.25 23 24 23.75 23.5 23.75 24.5 25 24.5 25 24.75 24 24.25 24.75 25 25 24.75 25 25.25 25.25 25.25 26 26 25.5 25.25 25.5 26 26 26 26 26 26 26 26 25.75 25.75 26 26 26 26 26.25 26.5 27 27 27 27 27 27 27 28 28 27.5 28 28 28 28 28 28.25 28.25 28.25 28 28.5 29 29 29 29 29 29 29.5 29.75 29.25 29 29 29 29 29.75 29.25 29.75 30 30 30 30 29.25 30 29.5 29 30 29 29 29 29.5 30 30 30 30 30 30 30 30 30 30 30 30 30 30 30 30 30 30 30 30 30.25 30.75 30 30.75 30 30 30 30 30.25 30.75 30.75 30.25 30 29.75 30 29.25 29 29 29.5 30 30 30.75 30.5 31 31 31 31 31 31 31 31 31 31 31.25 31.5 31.5 31 31 31 31 31 31 31 30.5 29.75 30 30 30 30 30 30 29.75 29.5 29.75 30 29.25 29 29 29 29 29 29 29 28.5 28.25 28 28 28 28 28 27.25 27 27 27 27 27 27 27 27 27 26.75 26.5 NA NA NA NA NA NA NA NA NA NA NA NA NA NA NA NA NA NA NA 
NA NA NA NA NA NA NA NA NA NA NA NA NA NA NA NA NA NA NA NA NA NA NA NA NA NA NA NA NA NA NA NA 21.66667 22 22 22 22 22.5 22.5 23 23.5 23.25 23.75 24.75 24.25 24 24.25 24.25 24.5 25.25 24.75 25 25 24 24.25 25 25.25 26 26 26 26 25.75 25.5 26 26 26 26 26.25 26.25 26.5 27 26 26 26 26.25 26.25 26 26.75 26.25 26 26.25 26.75 27 27 27 27 27 27 27.5 27.25 27.25 28 28 28 28.25 28 28.5 28.25 28 28.75 28.75 29 29 29 29.25 29 29.5 30 30 29 29 29 29.25 29.5 29.75 30 30 30 30 30 30 29.5 30 30 29.5 30 29.5 29.25 29.5 29.75 30 30 30 29.75 30 30 30 30 30 30 30 30 30 30 30 30 30 30 30 30.5 30.25 30.5 31 31 31 30.5 30 30.5 30.75 31 31 31 30.5 30 30 29.75 29 29 29.5 30 30 31 31 30.75 30.75 31 31 31 31 31 31 31 31 32 32 32 31.5 31 31 32 31.25 31 31 30.75 29.75 29.25 30 30 30 30 29.75 30 30 30.25 30.5 29.25 29 29 29 29 29 29 29 29 29 29 28.75 28.25 28 28 27.75 27 27 27 27 27 27 27 27 27 27 NA NA NA NA NA NA NA NA NA NA NA NA NA NA NA NA NA NA NA NA 
NA NA NA NA NA NA NA NA NA NA NA NA NA NA NA NA NA NA NA NA NA NA NA NA NA NA NA NA NA NA NA NA 22 22 22 22.25 22.5 23 23 23.5 23.75 23.75 23 24.25 25.5 25.25 24 25 25 26 25.25 25 25 25.25 25.25 25.25 25.25 25.75 26 26 26 26 25.25 26 26 26 26 26 26.5 27 27 26 26 26 26.5 27 26.5 27 26.75 26.25 27 27 27 27 27 27 27 27 27.5 28 28 28 28 28 29 28 28.5 28.75 29 28.75 29.25 29 29 29.5 29.25 29 29.5 29.75 30 29.5 29 29.5 29 30 30 30 30 30 30 30 30 29.75 30 30 29.5 30 30 30 30 30 30 30 30 30 30 30 30 30 30 30 30 30 30 30 30 30 31 31 30.5 30.75 30.75 30.75 31 31 31 31 30.5 30.75 31 31 31 31 31 30.5 30.25 30 29 29.25 29.75 30.5 30.5 31.5 31.5 31 31 31 31 30.5 30.5 30.75 31 31 31.5 31 31 31.25 31.5 32 31.25 31.75 31 31 31 31.25 31 29.5 30 30 30 29.75 29.25 30 30 30 30.25 30.25 29.5 29.25 29 29.5 29.75 29 29 29 29 29 29 28.25 28 28 28 27 27 27 27 27 27 27 27 27 NA NA NA NA NA NA NA NA NA NA NA NA NA NA NA NA NA NA NA NA NA 
NA NA NA NA NA NA NA NA NA NA NA NA NA NA NA NA NA NA NA NA NA NA NA NA NA NA NA NA NA NA NA NA NA 22 22 22 22.75 23.25 23 23 23.25 24.5 24.5 24.75 25 25.75 25 24.75 25.25 26 26 25.75 25.25 25.5 26 26 26 26 26 26 26 26 25.5 25.5 26.25 27 26.5 26.5 26 27 27 26 26.5 26.75 27 26.5 27 27 27 27 27 26.5 26.5 26.75 27 27.25 28 27.75 27.25 27.75 28 28 28 28 28.25 28.5 29 29 29 29 29.75 29 29 29 29 29 29 29 29.5 30 30 30 29.5 29.5 30 30 30 30 30 30.5 30.75 30 30 30 30 30 30 30 30 30 30 30 30 30 30 30 30 30 30 30 30 30 30 30 30 30 31 31 31 31 31 31 30.75 31 31 30.75 30.75 30.75 31 31 31 31 31 30 30.25 30.25 29.5 29.25 30.5 31 31 32 32 31.5 31.25 31 31 31 31 31 31.25 31.5 31.75 31.75 31 31.5 31.5 32 31.5 31.5 31 31 31 31 31.25 30.75 30.25 30.5 30.75 30.5 30 30 30 30 30 30 30.25 29.25 29.25 30 30 29.75 29 29 29 29 28.75 28.5 28.5 28.25 28 27.75 27.5 27.5 27.25 27 27.5 27.5 27.5 NA NA NA NA NA NA NA NA NA NA NA NA NA NA NA NA NA NA NA NA NA NA 
NA NA NA NA NA NA NA NA NA NA NA NA NA NA NA NA NA NA NA NA NA NA NA NA NA NA NA NA NA NA NA NA NA NA NA 22 22 22.75 22.75 23.5 23.5 24.75 25 24.75 25.25 26 26 26 26.25 26.5 27 26.5 25.5 25.75 26 26.5 26 26 26.25 26.75 26.5 26.5 26 25.75 26.75 27 27.5 27.75 27.25 27 27 26.5 26.5 26.5 26.75 27 27.5 27.75 27.5 27.5 27 27.25 27 27.5 27.5 27.5 27.75 28.25 28 27.75 28.5 28.5 29 28.5 28.5 28.5 28 28.5 29 29 29.25 29 29.25 29 29.5 29.5 29 29 29 29 29.5 29.5 29.25 29.25 29.75 30 30 30 30.25 30 30.25 29.75 29.75 30 30 30 30 30 30 30 30 30 29.75 29.5 30 30 30 30 30 30 30 30 30 30 29.75 30 30.5 31 30.75 30.75 30.5 30.5 30.5 30.5 30.75 30.5 30.5 30.75 31 31 30.75 30.25 30.5 30.75 30.5 29.75 29 29.5 30.75 31 31 31.75 31.5 31.5 31.25 31 31 31.25 31.75 32 32 32 31.75 32 31.75 31.5 31.5 31.75 31.75 31 30.75 30.5 30.5 30.75 30.5 30.75 31.25 30.75 30.75 30.5 30 30 30 30 30 30 30.5 30 29.25 29.5 30 29.5 29.75 29.5 29 29 29 29 28.5 28 28 28 28 28 28 27.75 28 28 NA NA NA NA NA NA NA NA NA NA NA NA NA NA NA NA NA NA NA NA NA NA NA 
NA NA NA NA NA NA NA NA NA NA NA NA NA NA NA NA NA NA NA NA NA NA NA NA NA NA NA NA NA NA NA NA NA NA NA NA 22 22.75 23 23 23 24.25 24.5 24 25.25 26 26 27 27 27 27 27 27 26.5 26.5 26.75 26.75 26.75 27.25 27 27.5 27.5 27 26.25 26.5 26.75 27.25 27.5 27.5 27 27.5 27.5 27.5 27.25 27.25 27.5 28 28 28 28 28 28.5 28 28.5 28.25 28.5 28.25 29 29.25 29 28.75 29 29.25 29.75 29 29.5 29 28.5 28.5 29 29.5 29 29.75 29.5 29.75 29.75 29 29 29.25 29.25 29 29.5 29.75 29.5 29.75 30 30 30 30 30.5 30.75 30 30 30 30 30 30 30 30 30 30 30 29.25 29.5 30 30 30 30 30 30 30 30 30 30 30 30 31 31 31 31 30.75 30.75 30.5 30.5 30.75 30.5 30 30.5 31 31 31 30.25 30.5 30.25 30 30 29.5 30 30.5 31 31.25 32.5 32.5 32 32 31.75 31.5 31.75 31.5 31.75 32 32 31.5 32 32 32 31.75 32 31.75 31 30.75 31 30.25 30 30 30 30 30.25 30 30.75 30.25 30 30 30.25 30 30.25 30 30 29.5 29 29.75 29.75 29 29 29 29 29 29 29 28 28 28.5 28.5 28.5 28 28 28 28 NA NA NA NA NA NA NA NA NA NA NA NA NA NA NA NA NA NA NA NA NA NA NA 
NA NA NA NA NA NA NA NA NA NA NA NA NA NA NA NA NA NA NA NA NA NA NA NA NA NA NA NA NA NA NA NA NA NA NA NA NA 22 NA NA 23.5 23.5 23.75 25 25.25 25.75 25.75 26.25 27 27 27 27 27.25 28 28 28 27.5 27 27 27 27 27 26.75 26.75 27.25 27 27.25 27.5 28 28 28.5 29 28.5 28.5 28.25 28 28 28 28.25 28.5 29 29.5 30 30 30 29.5 29.75 29.25 29 29.25 29 29 29.25 30 30 30 28.5 29 29 29 30 30 30.5 30.75 30.5 29.75 29.75 29.75 29.25 29.75 29 29 30 30.5 30.25 30.5 30.25 30.25 31 31 31 30 30 30 30 30 30 30 29.75 29.5 30 30 29.75 30 30 30 30 30 30 30 30 29.75 30 30 30 30 31 31 31 31 31 31 31 31 31 30.75 30 30.5 31 30.75 30.75 30 30.75 30 31 30.75 30.75 30.5 31 31.75 32 33 33 33 33 33 33 32.75 32.25 31.75 32 32 32 32 32 32 32 32 32 31.25 30.75 31 31 30 30 30.25 30 30 30 30.5 30.25 30.75 30 30 30.25 31 30 30 30 29.5 29.5 30 30 29.5 29 29.25 29 29 28.5 28.5 28.75 29 29 28.75 28 28 28 28 NA NA NA NA NA NA NA NA NA NA NA NA NA NA NA NA NA NA NA NA NA NA NA 
NA NA NA NA NA NA NA NA NA NA NA NA NA NA NA NA NA NA NA NA NA NA NA NA NA NA NA NA NA NA NA NA NA NA NA NA NA NA NA 23 23.33333 24 24.5 25 25.5 26 26.75 26.5 27 27 27 26.75 26.75 26.25 27.5 28 27.75 28 27.5 27.25 27 27 27 28 28 28.25 28 27.5 28 29 29 30 30 29 29.25 29.25 28.5 28.5 28.75 29.25 30 30 30 30 30 30 30 30 29.5 29.5 30 29.75 29.25 29.75 30 30 28.75 29.25 29.5 30 30 30 30 30.5 30.75 30 29.5 29.75 30 30 30 30 30.5 31 31 31 30.75 30.75 31 31 31 30 30 30 30 30 30 30 29.75 30 30 30 29.75 30 30 30 30 30 30 30 30 30 30 30 30 30 31 31 31 31 31 31 31 31 31 31 30.75 30.75 31 30.25 30.5 31 30.5 31 31 31 30.5 30.75 31.25 31.5 32.25 33 33.75 34 33.5 33.5 32.25 32.5 32.25 32.25 32.25 32.5 32.5 32 32 31.75 31.5 31.5 31.25 31 30.75 30.5 31 30.75 30.25 30.75 30.75 29.75 30 30.25 30.5 30.5 30.5 30 30 30.5 30 30 30 30 29.25 30 30 30 30 29.5 29 28.75 28.25 28 28 28.25 29 28.75 28 28 28 28 NA NA NA NA NA NA NA NA NA NA NA NA NA NA NA NA NA NA NA NA NA NA NA 
NA NA NA NA NA NA NA NA NA NA NA NA NA NA NA NA NA NA NA NA NA NA NA NA NA NA NA NA NA NA NA NA NA NA NA NA NA NA NA NA NA 23.5 24.25 24 24.5 25 25 26.25 26.25 27 27 26.75 26.25 27 27.5 28 28 28 28 28 28 28 28 27.75 28 28 28 28.5 29 29 29.25 29.75 29.25 29 29.5 30 29.75 30 29.75 30 30 30 30 30 30 30 29.25 30 30 30 30 30 30 30 30 30.25 29.5 30 30 30 30 30 30 30.5 30.25 30.25 30.75 30.75 30.75 30.25 30.75 30.25 30.25 31 30.25 30.5 30.75 30.75 31 31 31 30 30 30 30 30 30 30 30 30 30 30 30 30 30 30 30 30 30 30 30 30 30 30 30 30 31 31 31 31 31 31 31 31 31 31 31 31 31 31 31 30.25 30.75 30.75 30.5 30.25 30.5 30.5 30 30 30.5 32 32.25 32.5 32.25 33.25 33 32.75 33 33.5 33 33.5 33.5 33.25 32.5 32.25 31.25 30.5 31 31 31 31 31 31 31 30.25 30.5 30.75 30 30 30 30.25 30.25 30 30.25 31 30.75 30.25 30 30 29.25 30 29.25 29.5 30 29.75 29.25 29 28 28 28 28.25 28.25 29 28.5 28.25 28.75 28 NA NA NA NA NA NA NA NA NA NA NA NA NA NA NA NA NA NA NA NA NA NA NA 
NA NA NA NA NA NA NA NA NA NA NA NA NA NA NA NA NA NA NA NA NA NA NA NA NA NA NA NA NA NA NA NA NA NA NA NA NA NA NA NA NA NA 23.5 24.25 24.75 24.75 24.25 24.75 25 25 26.25 27 26 26.75 26.75 27.5 28 28 28 27.75 27.5 28 28 28 28 28 28 29 28 28.25 29 29 29 29.25 29.5 30 30 30 30 30 30 30 30 30 30.25 31 30.25 29.75 30 30 30 30 30.25 30.75 31 31 30 30 30 30 30 30 30 31 30 30.25 31 30.5 30 30 30 30 30.75 31 30.5 30.75 30.5 30.75 30.75 31 31 30 30 30 30 30 30 30 30 30 30 30 30 30 30 30 30 30 30 30 30 30 30 30 30 30 31 31 31 31 31 31 31 31 31 31 31 31 31 31 31 30.75 30.25 30 31 31 30.75 31 31.25 30.5 31 32 32 32 32.25 32.75 32.75 32.25 32.5 32.75 34 33.5 33.25 33.75 33.25 33.25 32 30.25 31 31.25 31.25 31 31 31 31 31 30.75 30.25 30.75 30.5 30 30.25 30.25 30 30.25 31 30.75 31 30 30 29.75 30 30 30 30 30 29 28.25 28 28.5 28.5 29 28.5 28.75 28 28 29 29 NA NA NA NA NA NA NA NA NA NA NA NA NA NA NA NA NA NA NA NA NA NA NA 
NA NA NA NA NA NA NA NA NA NA NA NA NA NA NA NA NA NA NA NA NA NA NA NA NA NA NA NA NA NA NA NA NA NA NA NA NA NA NA NA NA NA NA NA NA 24.25 NA 24.25 24.75 25.5 26.25 27 27 26 27 28 28 28 28 28 28 28 28 28.5 28 28 28 28.75 28.5 28.75 29 29 29 29 30 30 30 30 30 29.75 30 30 30 30 30 30.75 31 30.75 30.25 30 30 30 30.5 31 31 31 30 30 30 30 30 30 30.25 30.25 30 30 30.5 30.25 30.5 30 30.5 31 31 31 31 31 31 31 31 31 31 30 30 30 30 30.25 30.5 30.5 30 30 30 30 30 30.25 30 30.75 30.5 30 30 30 30 30 30 30 30 30 31 31 31 31 31 31 31 31 31 31 31 31 31 31 31 31 31 31 31 31 31.5 31 30.75 31 31.25 32.5 32.5 32.5 32.75 32.5 32.25 32.75 33 33 33.25 33 33.25 33.75 34 33.5 32.5 30.5 31 31 31.5 31 31 31 31 31 31 31 31 31 30.5 30 30 30 30.5 31 30.25 30 30 30 30 30 30 30 30 29.25 29 28.75 28.75 29 29 29 29 28.75 28.5 29 29 29 NA NA NA NA NA NA NA NA NA NA NA NA NA NA NA NA NA NA NA NA NA NA NA 
NA NA NA NA NA NA NA NA NA NA NA NA NA NA NA NA NA NA NA NA NA NA NA NA NA NA NA NA NA NA NA NA NA NA NA NA NA NA NA NA NA NA NA NA NA 24 NA 24 24.66667 25.25 25.75 26.5 27.25 26.75 26.75 27.75 28 28 28 28 28 28 28.25 28 28.75 28.5 28.75 29 29 29 29.25 30 29.75 29.75 30 30 30 30 30 30 30 30 30 30 30 30.5 31 31 31 30.5 30.25 30.5 30.5 30.75 31 31 30 30 30 30 30 30.25 30.75 30.25 30.5 30 30.25 30 30 30.25 31 31 31 31 31 31 31 31 31 31 31 30 30.25 30.5 30 30.25 30.75 31 30.75 30 30 30.25 30.75 30.5 30 30.25 30 30.25 30.25 30 30.25 30 30 30 30 30 31 31 31 31 31 31 31 31 31 31 31 31 31 31 31 31 31 31.25 31 31 31.5 31.25 32 32 32.25 33.25 32.5 33 33 33.5 33.75 33.25 33.5 34 33.75 33.5 34 33.75 34 33.25 33 31 30.5 31 31 31.5 31.5 31.5 31 31 31 31 31 31 30.5 30.75 30.25 30 30.75 30.75 30.75 30 30 29.75 30 30 30 30 29.75 29 29.25 29.5 29.5 29 29 29 29 29 NA NA NA NA NA NA NA NA NA NA NA NA NA NA NA NA NA NA NA NA NA NA NA NA NA NA NA 
NA NA NA NA NA NA NA NA NA NA NA NA NA NA NA NA NA NA NA NA NA NA NA NA NA NA NA NA NA NA NA NA NA NA NA NA NA NA NA NA NA NA NA NA NA NA NA NA 25.25 25.5 25.25 25.75 27 26.5 27.25 28 28 28 28 28 28 28 28 28.5 28 29 29 29 29 29 29.75 30 30 30 30 29.75 30 30 30 30 30 30 30 30 30 30 30.75 31 31 31 31 30.25 31 31 31 31.25 30 30 30 30 30 30 30 30 30 30 30 30 30.5 30.5 31 31 31 31 31 31 31 31 31 31 31 30.5 31 31 31 30.5 30.5 30.75 30 30 30.25 30.75 31 31 31 30.5 30.5 30.75 31 30.25 30 30 30 30.5 30 30 31 31 31 31 31 31 31 31 31 31 31 31 31 31 31 31 31.25 31.25 31.5 31.25 31.25 31.25 32 32 32.5 33.5 33.5 33.25 33.25 33.25 33.25 34 34 34 33.75 34 34 33.75 34 33.25 33 31.5 30.75 31 31 32 32 31.75 31.25 31 31 31 31 31 31 31 30.25 30 30.5 30 30 30 30 30 30 30 30 29.5 29.25 29.75 30 30 30 30 29.5 29.75 29.75 30 NA NA NA NA NA NA NA NA NA NA NA NA NA NA NA NA NA NA NA NA NA NA NA NA NA NA NA 
NA NA NA NA NA NA NA NA NA NA NA NA NA NA NA NA NA NA NA NA NA NA NA NA NA 23 NA NA NA NA NA NA NA NA NA NA NA NA NA NA NA NA NA NA NA NA NA NA 25.33333 26.25 26 25.5 26.5 26.5 27 27 28 28.25 28.5 28.5 28 28.25 28.25 28 28.5 29 29 29 29 29.5 30 30 30 30 30 30 29.75 30 29.75 30 30 30 30 30.25 30.5 30.5 31 31 31 31.25 31 30.75 30.75 31 31 31.5 30 30 30 30 30.75 30.75 31 30.75 30.25 30 30.5 30 30.5 31 31 31 31 31 31 31 31.25 31 31 31 31 31 31 31 31 31 31 31 31 31 31 31 31 31 31 31 31 31 30.75 30.5 30.5 31 30.75 30.25 30 30 31 31 31 31 31 31 31 31 31 31 31 31 31 31 31 31.25 31.75 31.75 32 32 31.75 32 32 32 32 33.5 34 33.5 33.5 33.75 33.75 34 34 33.5 33.5 33.5 33.25 33 33.25 32.75 32 31.75 31 31 31 31.75 32 31.5 31.75 31.5 31.5 31 31.25 31 31 31 31 30.75 30.75 30.75 30 30 30.25 30.5 30 30 30 29.75 30 30.5 30.5 30 30 30 30 30 30 NA NA NA NA NA NA NA NA NA NA NA NA NA NA NA NA NA NA NA NA NA NA NA NA NA NA NA NA 
NA NA NA NA NA NA NA NA NA NA NA NA NA NA NA NA NA NA NA NA NA NA NA NA NA 24 25 23 23 NA NA NA NA NA NA NA NA NA NA NA NA NA NA NA NA 25 25.33333 25.25 25.75 26.75 26.5 26.75 26.25 26.5 26.5 27.25 28.25 28 28 28 28.5 28.5 28.75 29 28.25 28.25 29 29 29 29 29.75 30 30 30 30.5 30.75 30.5 30.25 30.5 30 30 30.75 30.25 30 31 31 31 31 31 31 31.75 31.25 31 31.25 31 31 30 30 30 30 30 30.25 31 31.25 31.25 31 31 31 31 31 31 31 31 31 31 31 31 31 31 31 31 31 31 31 31 31 31 31 31 31 31 31 31 31 31 31 31 31 31 30.5 30 30.25 30.25 30.25 30 30 31 31.25 31.5 31.5 31.5 31 31 31 31 31 31 31 31 31.25 31.25 31 31 31.5 32 32 32 32 32 32.25 32.75 33.5 33.5 33.75 34 34 34 34.25 33.75 34 34 34 34 33.75 33 33.5 33.25 32.5 31 31 31 31.5 32 32 31.75 32 32 31.25 31 31 31 31.25 31.75 31 31 31 30.25 30 30.5 30.5 30 30 30 30 30.5 31 NA NA NA NA NA NA NA NA NA NA NA NA NA NA NA NA NA NA NA NA NA NA NA NA NA NA NA NA NA NA NA NA NA NA NA 
NA NA NA NA NA NA NA NA NA NA NA NA NA NA NA NA NA NA NA NA NA NA NA NA NA 23.66667 25.75 25 25.75 25.75 24 24 NA NA NA NA NA NA NA NA NA NA NA NA 26 26 26 26.25 27 27.25 27 26.25 26.75 27.25 27.25 27.25 28 28.75 28.75 29 29.25 29.25 29 29 29 28.75 28.75 29 29 29 29.5 30 30 30 30 30.25 30 30 30.25 31 30.75 30 31 30.75 31 31 31 31 31 31 31 31.25 31.75 32 31.25 31.5 30 30.25 31 30.25 30.5 31 31 31 31 31 31 31 31 31 31 31 31 31.25 31 31 31 31 31.25 31 31.25 31 31 31 31 31 31 31 31 31 31 31 31.5 31 31 30.75 30.75 31 31 30.75 30.5 30.5 30.75 30.25 30.75 30 31.25 32 32 32 32 31.75 31.25 31 31 31 31 31 31 31.25 31.5 31.5 32 32 32 32.25 32.25 31.75 32 32.75 33 34 34 34 34 34 34 34 34 34 34 34 34 33.75 34 33.5 33 32.25 31.25 31 31.75 31 32 32 32 32 32 32 31.25 31 31 31.5 32 31 31 31 30.75 30.5 30.75 31 30.5 30.5 30.25 30 30.5 31 NA NA NA NA NA NA NA NA NA NA NA NA NA NA NA NA NA NA NA NA NA NA NA NA NA NA NA NA NA NA NA NA NA NA NA 
NA NA NA NA NA NA NA NA NA NA NA NA NA NA NA NA NA NA NA NA NA NA NA NA NA NA 24.66667 25.75 26.5 27.25 26.25 26 24.75 NA NA 24 NA NA NA NA NA NA NA 25.75 26 26 26.25 26.5 26.25 27.25 27 27 27.25 28 27.75 28 28.5 28.5 29 28.75 28.5 28.75 29 29 29 29.75 30 29.5 29 29 30 30 30 30 30 30 30 30.75 30.5 30 30.25 30.25 30.5 31 31 31 31 31 31 31 31.25 31.5 31.5 32 31.25 31 30 30.25 31 31 31 31.25 31.25 31 31 31 31 31 31 31 31 31 31.25 31 31 31 31 31 32 31 31.25 31 31 31 31 31 31 31 31 31 31 31.25 31.5 31.25 31 30.75 30.5 30.5 31 30.75 30.5 30.75 31 31 31 31 32 31.5 31.75 32 32 32 32 31.25 31 31.75 31.25 31 31 31 31 31.5 32 32 31.75 32 31.75 31.75 32 32.25 33 34.25 34 34 34 34 34.25 34 34 34 34 34 33.75 34 33.5 32.75 32.75 32 31.5 31.75 32 31.5 32 32 32 32 32 32 31.75 31.75 31.75 32 32 31 31 31 31 31 31 31 31 30.75 30 30.25 31 31 NA NA NA NA NA NA NA NA NA NA NA NA NA NA NA NA NA NA NA NA NA NA NA NA NA NA NA NA NA NA NA NA NA NA NA 
NA NA NA NA NA NA NA NA NA NA NA NA NA NA NA NA NA NA NA NA NA NA NA NA NA NA 25 26.25 27 27 26.75 25.5 25.5 26.25 26.5 26.25 25.75 25.5 26 25.5 25 25.25 25.75 26 26.5 26.5 26 26 27 27 27.25 27 27.75 27.75 28 28 29 29.25 29.25 29 28.75 28.5 29 29 29 29 29.5 30 30 29.75 29.5 30 30 30 30 30 30.75 31 31 31 30.75 30.5 30.25 30.75 31 31 31 31 31 31.25 32 32 32 32 32 31.75 31 31 31 31 31 31.5 32 31.5 31 31 31 31 31 31 31 31.25 31.25 31.5 31 31 31 31 32 32 32 31.25 31 31 31 31 31 31 31 31 31 31 31 31 31 31 31 30.75 30.75 31 31 31 31 31 31 31 32 31.5 31 31 31.5 32 32 32 31.75 32 31.75 31 31.5 31.5 31.5 31.75 31.75 31.5 31.75 31.5 31.25 31.75 32.25 32.75 33 34 34 34 34 34 34 34 34.25 33.25 33.25 34 33 33 33.5 33 32 31.75 32 32 32 32 31.75 32 32 32 32 32 32 32 31.5 31.75 32 31.25 31 31 31 31 31 31 31 30.75 31 31 31 31 NA NA NA NA NA NA NA NA NA NA NA NA NA NA NA NA NA NA NA NA NA NA NA NA NA NA NA NA NA NA NA NA NA NA NA 
NA NA NA NA NA NA NA NA NA NA NA NA NA NA NA NA NA NA NA NA NA NA NA NA NA NA NA NA 26.75 27.5 27 25.75 25.75 26.5 28 28.5 27.75 28.25 28 27.75 27.5 26.75 26.75 26.25 26.5 27.25 26.75 26.75 27 27.25 27.25 27.75 27.5 28 28 28 28.75 29.5 30 29 29 29 29 29 29 29 30 30 29.75 29.75 29.5 30 30 30 30 30.5 31 30.75 31 30.75 31 31 30.75 31 31 31.25 31 31.25 31.75 31.5 32 32 32 32 32 32 31 31 31 31 31 31 31.5 31.75 31.75 31.75 31.75 31 31 31 31.5 32 31.75 32 31.75 31 31.5 31.5 32 32 32 31.75 31 31 31 31.5 32 32 31 31 31.25 31 31 31 31 31 31 31 31 31 31 31 31 31 31 31 31.75 31.5 31.5 31 31 32 32 32 32 32 32 31.75 32 32 32 32 31 32 32.25 32.25 32.5 32 32.5 33 33 34 34 34 34.25 34.25 34 33.75 33.25 33.25 34 33.25 32.5 32.5 32.75 32.25 32 31.5 32 32 32 32 32 32 32 32 32 32 32 32 31.25 31 31.5 31 31 31 31 31 31 31 31 31 31 31 31 NA NA NA NA NA NA NA NA NA NA NA NA NA NA NA NA NA NA NA NA NA NA NA NA NA NA NA NA NA NA NA NA NA NA NA NA 
NA NA NA NA NA NA NA NA NA NA NA NA NA NA NA NA NA NA NA NA NA NA NA NA NA NA NA NA NA 28.75 28.5 28 27.5 28 29 29 29 29.25 29 29.25 28.75 27.75 27.25 28 27.5 27.75 26.75 27.25 27.25 27.25 27.75 28.25 28.5 28.5 28.5 28.75 29 29.75 30 29.75 29.25 29 29 29.75 29.5 29.25 29.75 30 30.25 29.75 29.75 30.25 31 31 30.5 31 31 30.25 30.5 30.5 31 31 31.25 30.25 30.5 31 31.25 31.25 32 32 32 32 32 32 32 32 31 31 31 31 31.25 31 31 31 31.5 31.5 31.5 31.75 31.5 31.75 32 31.75 32 32 31.75 31 31.5 31.75 32 32 32 31.75 31.25 31.5 31 31 31.75 32 31.25 31 31.25 31.75 31.25 31 31.25 31.25 31 31 31 31 31 31 31 31 31 30.75 32 32 32 31.5 31.25 32 32 32 32 32 32 32 32 32 32 32 31.25 32 32 32 32 32.25 33 32.25 33 34 34 34 34 34 33.75 33 33.5 34 33.5 33 33 32.75 32.5 32 32 32 32 32 32 32 32 32 32 32 32 32 32 32 31.5 31 31 31 31 31 31 31 31 31 31 31 31 31 31 NA NA NA NA NA NA NA NA NA NA NA NA NA NA NA NA NA NA NA NA NA NA NA NA NA NA NA NA NA NA NA NA NA NA NA NA 
NA NA NA NA NA NA NA NA NA NA NA NA NA NA NA NA NA NA NA NA NA NA NA NA NA NA NA NA NA 29 28.75 28.75 28.75 28.5 28 29 29.5 29.75 30 30 30 29.25 29.25 29.75 29.5 29.5 28.75 28.25 28.75 29.5 29.5 30 30 30 30 29 29.25 29.25 29.25 30 30 30 30 30 30 30 30 30 30 30.75 30 30.75 31 31 31.25 31.25 31 30.75 30 30.25 30.5 30.25 30.25 31.5 31.25 31 31 31 31.25 32 32 32 32 32 32 32.25 31 31 31 31 31 31 31.25 32 32 31.75 31.5 32 32 32 32 32 31.25 31.25 32 31.5 31 32 31.5 32 32 31.5 32 32 32 31.5 31.75 32 31.75 31 31 31 31.5 31.25 31 31.25 31 31 31 31 31 31 31 31 31 30.75 32 32 32 31.25 31.5 32 32 32 32 32 32 32 32 32 32 32 32 32 32 32.5 32 32.5 32.25 32 32.25 34 34 34 34.25 34.5 33.75 33.25 32.75 33.25 32.5 32.75 32.75 33 32.25 32 32 32 32 32 32 32 32 32 32 32 32 32 32 32 31.75 31.25 31 31 31 31 31 31 31 31 31 31 31 31 31.5 NA NA NA NA NA NA NA NA NA NA NA NA NA NA NA NA NA NA NA NA NA NA NA NA NA NA NA NA NA NA NA NA NA NA NA NA 
NA NA NA NA NA NA NA NA NA NA NA NA NA NA NA NA NA NA NA NA NA NA NA NA NA NA NA NA NA NA 29 28.75 29 28.75 29 28.75 29.5 30 30.5 30.25 30 30 30.25 30.25 30 30 30 30 30 30 30 30 30 30 30.5 30 30 29 29.75 30 30 30 30 30 30 30 30 30 30 31 30.5 31 31 31 31.25 31.75 31.75 30.75 31 31 31.75 31.75 30.75 31.25 31.75 31.5 31.75 31.5 31.75 32 32 32 32 32 32.75 33 31.75 31.5 31.5 31.75 31.5 31.75 32 32 32 32 32 32 32 32 32 32 31.75 31.75 31 31.25 31.25 32 32 31.75 32 31.75 32 32 32 32 32 32 32 31.5 31.5 31 31.25 31 31 31 31 31.5 31.25 31 31 31 31 31 31 31 32 32 32 31.5 31.5 32 32 32 32 32 32 32 32 32 32 32 32 32 32 32 32 32.25 32 32 32.25 33.75 34 33.75 34 34 34 34 33 32.5 32.75 32 32.75 32.75 32.25 32.25 32 32 32 32 32 32 32 32 32.5 32 32 32 32.75 32 32 31.75 32 31.75 31.5 31 31.5 31 31 31 31 31 31 31 32 NA NA NA NA NA NA NA NA NA NA NA NA NA NA NA NA NA NA NA NA NA NA NA NA NA NA NA NA NA NA NA NA NA NA NA NA 
NA NA NA NA NA NA NA NA NA NA NA NA NA NA NA NA NA NA NA NA NA NA NA NA NA NA NA NA NA NA NA 28.66667 29.5 29.5 29.5 29 29 30.5 30.75 30.5 30 30 30 30 30 30 30 30 30 30 29.75 30 30 30 30.5 31 30.5 30.25 29.75 29.75 30 30 30 30.25 30.25 30.5 30.25 30 30 31 31 31 31 31 31 31 31 31 31 31 31 31.25 31.75 31.5 32 32 32 32.25 32 32 32 32 32 32 33 33 32 32 32 32 32 32 32 32 32 32 32 32 32 32 32.5 32.5 32.5 32 31 31 31.5 32 32 31.5 32 32 32 32 32.5 32.5 32 32 32 32 32 32 32 32 31.5 31 31 31.75 31.75 31.5 31 31 31 31 31 31 32.5 32.5 32 31.75 31.75 32 32 32 32 32 32 32 32 32 32 32 32 32 32 32 32 32 32 32.25 32 33.5 34 33.25 34 34 34 34 34 33.25 32.75 32 32 33 32.5 32 32.25 32.25 32.5 32 32 32.5 32.5 32.25 32.5 32 32.25 32.75 32.5 32 32 32 31.75 31.5 31.5 31.5 31 31 31 31 31 31 31.5 31.75 NA NA NA NA NA NA NA NA NA NA NA NA NA NA NA NA NA NA NA NA NA NA NA NA NA NA NA NA NA NA NA NA NA NA NA NA NA 
NA NA NA NA NA NA NA NA NA NA NA NA NA NA NA NA NA NA NA NA NA NA NA NA NA NA NA NA NA NA NA NA 29.66667 29.5 29.75 29 30.25 30 31 30.75 30.5 30.5 30.25 30 30 30.25 30 31 30.5 31 30 29.75 30 30 30 30.25 30.5 30.25 30 30 29.75 29.5 29.5 30 29.75 30.25 31 31 31 31 31 31 31 31.25 31.25 31.5 31.5 32 31.5 31 31 31 31.75 32 32 32 32 32.75 32.25 32 32 32 32 32 32.5 33 32 32 32 32 32 32 32 32 32 32 32 32 32 32 32 33 33 32.25 31.5 31 31.5 32 32 32 32 32 32 32 32 32.75 32.75 32 32.5 33 32.5 32.25 32 32 31.25 31 31 31.25 31.75 31.25 31 31 31 31 31 31 32.75 32.25 32 32 32 32 32 32 32 32 32 32 32.25 32 32 32 32 32.25 32 32 32 32 32 32 32 33.25 33.75 33 33.5 33.5 34 33.5 34 33.25 33 32.75 32 32 32.25 32.5 32.75 32.5 32.5 33 32.5 32 32.5 33 32.5 32.25 33 33 32.75 32 32 32 32 31.5 31.5 31.5 31.5 31.25 31 31 31 31 31 31 NA NA NA NA NA NA NA NA NA NA NA NA NA NA NA NA NA NA NA NA NA NA NA NA NA NA NA NA NA NA NA NA NA NA NA NA NA 
NA NA NA NA NA NA NA NA NA NA NA NA NA NA NA NA NA NA NA NA NA NA NA NA NA NA NA NA NA NA NA NA NA 30 30 29.75 30 30.25 31 30.5 30.25 30 30 30 30 30.75 30.25 31 31 31 31 30.5 30.5 30.5 30.75 30.25 31 31 31 31.25 31 30.75 30 30 30.5 29.75 30.5 31 31 31.25 31.25 31.25 31.75 32 32 32 32 32 32 31.5 31 31.75 32 32 32 32 32 32 32.75 33 33 32.75 32 32 32.5 33 32 32 32 32 32 32 32 32 32 32 32 32 32 32 32.25 33 33 32.75 32 31.75 32 32 32 32 32 32 32.75 32 32.25 32.5 33 32.75 33 33 33 32.25 32 32 32 31.25 31 31.25 31 31 31.5 31.25 31.25 31 31.75 32 33 32 32 32 32 32 33 33 33 32 32 32 32.25 33 32.75 32.5 32.25 32.25 32.75 32.5 32 32.5 33 32.5 32.25 33.75 34 33.75 33 33 33 33 33.25 33 33 33 32.5 32.25 32.5 33 33 33 32.25 33 33 33 33 33 33 32.25 33 33 32.25 32 32 32 32 32 32 32 32 31.5 31 31 31 31.25 31.5 NA NA NA NA NA NA NA NA NA NA NA NA NA NA NA NA NA NA NA NA NA NA NA NA NA NA NA NA NA NA NA NA NA NA NA NA NA NA 
NA NA NA NA NA NA NA NA NA NA NA NA NA NA NA NA NA NA NA NA NA NA NA NA NA NA NA NA NA NA NA NA NA NA 30 29 29.5 29.5 30 30 30 29.75 29.75 31 31.5 31.5 30.5 31 31 31 31.25 31 31 31 31 31 31 31 31.25 32 32 32 31.5 31 31 30.5 30 30.75 31.25 31 31.5 31.75 32 32 32 32 32 32 32 32 32.25 31.5 32 32 32 32 32 32 32 32.5 33 33.25 33 32.5 32.75 33 32 32 32 32 32 32 32 32.5 33 33 32.75 32.25 32.5 32 32 32.75 33 33 32.5 32 32 32 32 32 32 32 32.25 32 32.75 32.75 33 32.75 32.75 32.75 32.5 32.5 32 32 32 32 32 32 32 32 32 31.75 31.75 31.5 32 32 33 32.25 32 32 32 32.25 33 33 33 32.5 32 32 32.5 33 32.75 32 32.75 32 32.75 32.75 32.25 32.25 32.75 33 33 33.75 33.75 33.25 33 33 33 33 33 33 33 33 32.75 32.5 32.75 33 33 33 33 32.25 33 33 33 33 32 32 32.25 32 32 32 32 32 31.5 31.5 31.5 31 31 31.5 31 31 31 31.5 32 NA NA NA NA NA NA NA NA NA NA NA NA NA NA NA NA NA NA NA NA NA NA NA NA NA NA NA NA NA NA NA NA NA NA NA NA NA NA 
NA NA NA NA NA NA NA NA NA NA NA NA NA NA NA NA NA NA NA NA NA NA NA NA NA NA NA NA NA NA NA NA NA NA NA 30 29.33333 28.75 29.75 30 30 29.25 30 30.5 30.75 31.5 31.75 31 31 31 31.25 31 31 31.25 31.5 31.5 32 31.75 32 32 32 32 32 32 32 32 31 30.5 31 31.25 32 32 32 32 32 32 32 32 32 32 32.75 32.25 32.5 32 32 32 32 32.25 32.75 32.25 33 33.5 33.75 33.25 33 33 32 32 32 32 32 32 32.5 33 33 33 33 33 33 33 32.25 33 33 33 33 32.25 32 32 32 32 32.5 32 32 32.5 32.5 32.25 33 33 32 32.25 32.75 33 32.25 32 32 32 32 32 32 32 32 32 32 32 32 32 33.5 32.25 32 32 32 32.75 33 33 33 33 32.25 32.25 32.5 32.25 32 32.75 32.75 33 33 32.5 32.25 32.25 32 32.5 32.75 34 34 33.75 33.5 33 32.5 32.5 33 33 33 32.5 32 32.25 32 32.25 32.5 32.25 32 32.25 32.5 32.5 33 33 32 32 32 32 32.5 32 32 32 32 32 31.75 31.75 31 31.25 31.5 31 31 32 32 NA NA NA NA NA NA NA NA NA NA NA NA NA NA NA NA NA NA NA NA NA NA NA NA NA NA NA NA NA NA NA NA NA NA NA NA NA NA 
NA NA NA NA NA NA NA NA NA NA NA NA NA NA NA NA NA NA NA NA NA NA NA NA NA NA NA NA NA NA NA NA NA NA NA NA NA 29.75 29.5 30 29.75 30 30.75 30.5 31 31.75 32 32.25 31.75 31.5 31 31 31 31 32 32 32 32 32 32 32.5 32.25 32 32.25 32 32 31.75 32 32 32 32 32.5 32 32 32 32 32.25 32 32.25 32.75 32.5 32.75 33 32.75 32 32.25 32.5 33 33 33 33 33 33.25 34 33.75 33.5 32 32 32 32 32 32 32.75 33 33 33 33 33 33 33 32.5 33 33 33 33 33 32.75 32 32 32 32.75 32.5 32 33 32.75 32.5 33 33.25 33 33 32.75 33 32.5 32 32 32 32.25 32 32 32 32 32 32 32 32.25 32.5 33 32.25 32 32.25 32.5 33 33 33 33 33 32.75 32 32.5 32.75 33 33 33 33 33 32 32.75 32.75 33 32.75 32.25 33.25 33.75 34 34 34 33.5 33 33 33 33 33 32.75 33.75 34 33 32 33.25 32.75 32.5 32.75 32.5 32.5 33 32.25 32 32.75 33 33 32.75 32.25 32 32 32 32 32 31.75 32 31.75 31 31 31.25 31.25 NA NA NA NA NA NA NA NA NA NA NA NA NA NA NA NA NA NA NA NA NA NA NA NA NA NA NA NA NA NA NA NA NA NA NA NA NA NA 
NA NA NA NA NA NA NA NA NA NA NA NA NA NA NA NA NA NA NA NA NA NA NA NA NA NA NA NA NA NA NA NA NA NA NA NA NA NA NA 30 30 30.5 31 31.75 32.5 32.5 32.5 32.75 33 32.75 32.5 32.25 32 32 32 32 32 32 32 32 32.5 32.75 32 32.25 32.75 32.5 31.25 32 32 31.5 31.5 32.5 33 32.75 33 32 32 32.25 33 33 33 33 33 33 32.5 32 32.75 33 33 33 33 33.25 33 34 34 34 32.25 32 32.75 33 32.75 33 33 33 33 33 33 33 33 33 33 33 33 33 33 33.25 33.25 32.75 32.5 32 33 33 32.75 32 33 33 33 33 33 33 32.5 32.75 32.5 32.75 32.75 33 33 33 32.5 32.5 32.75 32.75 32 32 32 32 33 33 33 33 32.75 33 33 33 33 33 33 33 33 33 33 33 33 33 33 33 33 32.5 33 33 33 34 34 34 34 34 34 34 33.75 33.5 33.25 33.75 34.5 34.5 34.5 34 33 33.25 33.25 33.25 33 33 32 32.5 33 32.5 33 33 32.5 32.75 32 32 31.75 32 32 32 32 32 32 31 32 32 31.75 31.25 NA NA NA NA NA NA NA NA NA NA NA NA NA NA NA NA NA NA NA NA NA NA NA NA NA NA NA NA NA NA NA NA NA NA NA NA NA 
NA NA NA NA NA NA NA NA NA NA NA NA NA NA NA NA NA NA NA NA NA NA NA NA NA NA NA NA NA NA NA NA NA NA NA NA NA NA NA 31 31 31.5 32 32 32.5 33 33 32.75 33 33.5 33.5 33.5 33.5 32.5 32.5 32.5 32.5 32.5 33 32.5 32.5 33 32.5 32.5 32.5 33 31.75 32.75 33 32.25 32 32 32 32.5 32.75 32.5 32.5 32.5 33.25 33.5 33.75 33.75 33.5 33.5 33.5 33.25 33 33.5 33.5 34.25 34.25 34.5 34.5 34.25 34.75 34.75 33 32.5 32.5 32.5 32.5 32.5 32.5 32.75 33 33 33 33 33 33 33 33 33 32.75 32.5 33 33 33 32.25 32.25 33 33 32.5 32.5 32.5 32.75 32.75 33 33.75 33 33 32.75 32.25 32 32.5 32.5 32.5 32 32 32 32.25 32.25 32 32 32 31.5 33 33 33 33 33 33 33 33 33 33 33 33 32.75 32.75 33 33 33 33 33 33 33 33 33 33 33 33.25 33 33 33.25 33.5 33.5 33.5 33.5 33.5 33.5 33.5 33.5 33.75 34 34.25 33.5 33 32.75 33.5 33 33 32.75 32.5 33 32.5 33 33 32.5 32.75 32.5 32 32 32 32.25 32.75 32 32 32 31 32 32 32 31.75 32.25 NA NA NA NA NA NA NA NA NA NA NA NA NA NA NA NA NA NA NA NA NA NA NA NA NA NA NA NA NA NA NA NA NA NA NA NA 
NA NA NA NA NA NA NA NA NA NA NA NA NA NA NA NA NA NA NA NA NA NA NA NA NA NA NA NA NA NA NA NA NA NA NA NA NA NA NA NA 30.66667 30.75 31.25 32 32.5 33 33 33 33.75 34 34 34 34 34 34 34.25 33.75 33 33 34 34 34 33.25 33 33 33.25 33 33 33.5 34 34 33.5 33.5 33.25 33.5 34 33.75 33.25 34 34 34 34.5 35 34.75 34.5 34 34.25 34 34 34.75 35 35 35 35 35 35.5 33 32.5 32 32.75 32.75 33 33 33 33 33 33 33 33 33 33 33 33 33 33 32.75 33 33 33 32.75 33 33 33 33 33 32.75 33 33 33 33 33 33 32.5 32 32.25 32.5 32.75 32.75 32.75 32.5 32 32 32 32 32 32 33 33 33 33 33 33 33 33 33 33 33 33 33 33 33 33 33 33 33 33 33 33 32.5 32.25 32.5 32.75 32.75 33 33.75 33.25 33 32.75 33 33 33 33 33 33 33.25 33.25 33 33 32.25 32.5 33 33 32.5 32 32 32 33 33 32 32.5 33.75 32.75 32.5 32 32.25 32.5 32 32 32 32 32 32 32.25 32 32.66667 NA NA NA NA NA NA NA NA NA NA NA NA NA NA NA NA NA NA NA NA NA NA NA NA NA NA NA NA NA NA NA NA NA NA NA NA 
NA NA NA NA NA NA NA NA NA NA NA NA NA NA NA NA NA NA NA NA NA NA NA NA NA NA NA NA NA NA NA NA NA NA NA NA NA NA NA NA NA NA 32 32 32.5 32.5 32.5 33 33.25 34 34 34 34.25 34.5 34.25 34 34 34.25 34 34 34 34 33.75 33.25 33 33.5 33.5 33 33.5 34 34 34.5 34.75 34 34 34 34 33.75 34 34 34 34.25 34.75 34.5 34.5 34.25 34.75 34.75 34.5 34.75 35 35 35 35 35 35.25 33.25 33 33 33 33 33 33 33 33 33 33 33 33 33 33 33 33 33 33 33 33 33 33 33 33 33 33 33 33 33 33 32.5 32.5 32.75 33 32.5 33 32.25 32 32 32.5 32 32.25 32 32.5 32.5 32.5 32.5 32.75 32 33 33 33 33 33 33 33 33 33 33 33 33 33 33 33 33.5 33.25 33 33 33 33 33 33 32.5 32.5 33 34 33.5 33 33.25 33 33 33 33 33 33 33 33 33 33 33 33 33 32.75 33 33 33 32 32.5 32.25 33 33 32.25 32.5 34 34 33 32.25 32.25 32 32 32 32 32 32 32 32.25 32 32.5 NA NA NA NA NA NA NA NA NA NA NA NA NA NA NA NA NA NA NA NA NA NA NA NA NA NA NA NA NA NA NA NA NA NA NA NA 
NA NA NA NA NA NA NA NA NA NA NA NA NA NA NA NA NA NA NA NA NA NA NA NA NA NA NA NA NA NA NA NA NA NA NA NA NA NA NA NA NA NA 32.25 32.5 32 32.5 33 33.25 34.25 34.5 34.25 34.75 35 35 34.25 34 34 34.75 35 34.75 34 34 34 34 34 33.75 33 33.5 34 34.25 34 34.75 34.5 34 34 34.5 34 34 34 34.25 34.75 34.75 35 35 34 34.75 35 35 35 35.25 35 35 35 35 35.25 35.75 33 33 33 33.25 33 33 33 33 33 33 33 33 33 33 33 33 33 33 33 33 33 33 33 33 33 33 33 33 33 33 33.5 33.25 32.5 32.75 33 33 33 33 32.75 32.5 32.75 32.5 32.25 32.25 33 33 33 32.75 32 32 34 34 33.25 33.25 33 33 33 33 33 33 33 33 33 33 33 33.25 33.5 34 33.75 34 33.5 33.25 33.5 33.75 34 33 33.75 34 33 33 33 33 33 33 33 33 33 33 33 33 33 33 33 32.5 33 33 33 33.25 32.75 32.75 33.25 33 33 33.25 34 33 32.75 32 32 32 32.5 32 32 32 32 32 32.25 32.5 32.5 33 NA NA NA NA NA NA NA NA NA NA NA NA NA NA NA NA NA NA NA NA NA NA NA NA NA NA NA NA NA NA NA NA NA NA NA 
NA NA NA NA NA NA NA NA NA NA NA NA NA NA NA NA NA NA NA NA NA NA NA NA NA NA NA NA NA NA NA NA NA NA NA NA NA NA NA NA NA NA 33.33333 33.5 32.75 33 33.25 34 34 34.5 34.75 35 35 35 35 34.5 34 34 34.25 34.5 34.75 34.75 34.5 34.5 35 34 33.5 34 34 34.25 34 35 35 35 34.75 35 34.5 34.5 34 34.25 35 35 35 35 34.75 34.75 35 35.5 35.25 35.5 36 35.25 35.5 35.5 35.5 36 33.5 33 33 32.5 32.75 33 33.25 33 33 32.75 33 33 33 33 33 33 33 33 33 33 33 33 33 33 33 33 33 33 33 33 32.75 33 32.25 32.5 32.75 32.75 33 33 33 33 32.75 32.25 32.75 33 33 33 33 33 33 32.75 34 34 33.75 33 33 33 33 33 33 33 33 33 33 33 33 33.25 33.5 33.75 34 34 34 33.75 34 34 33.5 33 33.75 34 33.5 33.25 33 33 33 33 33 33 33 33 33 33 33 33 33 32.5 33 33 33 33 33.25 32.5 33.5 33 33 33 33.75 33 32.25 32 32 32.25 32 32 32 32 32 32 32 32.25 32.25 32.5 NA NA NA NA NA NA NA NA NA NA NA NA NA NA NA NA NA NA NA NA NA NA NA NA NA NA NA NA NA NA NA NA NA NA NA 
NA NA NA NA NA NA NA NA NA NA NA NA NA NA NA NA NA NA NA NA NA NA NA NA NA NA NA NA NA NA NA NA NA NA NA NA NA NA NA NA NA NA NA 34 34 33 33.5 34.5 35 35 35.25 35 35 35 35.25 35.75 35.25 34.75 34.5 34.75 34.25 34.25 35 35 35 34.5 33.75 34.5 34.5 35 35 35 35.5 35 34.5 34.5 34.25 34 34 34.75 35 35 35.75 35.75 35.5 35.25 35 35.25 36 36 36 36 36 35.75 36 36 33.5 33 33.75 33.25 33 33 32.5 32.75 33 32.5 32.5 33 33.25 33 33 33 33 33.75 33 33 33 33.25 33 33 33 33 33 33 33 33 33 33 33 32.75 32.5 33 33 33 33 33 33 33 33 33 33 33 33 33 33 33 34 34 33.75 33.5 33.25 33 33 33 33 33 33 33 33 33 33 33.5 34 33.5 34 34 34 33.5 34 33 33 34 33.25 33.75 33.25 34 33 33 33 33 33 33 33 33 33 33 33 33 33 33 33 32.75 32.5 33 33.25 32.25 33 33 33 33 33 33 33 32.75 32 32.25 32 32 32 32 32 32 32.25 32 32 32.25 32 32.66667 NA NA NA NA NA NA NA NA NA NA NA NA NA NA NA NA NA NA NA NA NA NA NA NA NA NA NA NA NA NA NA NA NA 
NA NA NA NA NA NA NA NA NA NA NA NA NA NA NA NA NA NA NA NA NA NA NA NA NA NA NA NA NA NA NA NA NA NA NA NA NA NA NA NA NA NA 33 33 34.25 33.75 33.25 34 34.5 35.5 35.5 35.75 35.25 35.5 36 36 36 35.75 35.5 35.5 34.75 34.5 34.25 34.75 35 34 34.75 35.25 35 35.25 35 35.5 35.5 35.25 35.25 34.75 35.5 35 34 34.75 35 35.5 35.75 35.5 36 36 36 35.75 36.5 36.25 36 36.25 37 36.5 36.5 36.25 34.25 33.25 33.75 34.25 33.75 33 33 32.75 32.5 33 32.75 33 33.75 33.25 33.25 34 33.25 33.5 33.75 33.5 33 33.25 33 33 33 33.25 33 33 33 33 33 33 33 33 33 33 33 33 33 33 33 33 33 33 33 33 33 33 33 33 34 34 34 34 34 34 33.75 33 33 33.25 33 33 33 33 33 33.75 34 33 34 34 34 34 34 33.75 33.5 34 33.75 33.25 33.5 33.25 33.25 32.75 33 33 33 33 32.25 32 32.5 32.5 32.5 32.5 33 33 33 33 33 33 33 32.75 33 33.25 33.25 33 33 33.25 33 33 33 32.25 32 32 32 32 32 32 32.5 32.25 31.75 31.5 32 32 32 32.75 NA NA NA NA NA NA NA NA NA NA NA NA NA NA NA NA NA NA NA NA NA NA NA NA NA NA NA NA NA NA NA 
NA NA NA NA NA NA NA NA NA NA NA NA NA NA NA NA NA NA NA NA NA NA NA NA NA NA NA NA NA NA NA NA NA NA NA NA NA NA NA NA 32 32 32.75 33.25 33.5 34 34 34.5 34.75 35 35.25 34.5 34.75 35.75 36 36 36 36 35.75 35.5 36 36 35.5 36 35.5 35.5 35 35.5 35 35.75 36 36.5 36 35 35.5 34.75 35.25 34.75 35 34.5 35 35.5 35.25 35.75 36.25 36 36 36.5 36.75 36.25 37 36.5 37 37 37.5 37 34 34 35 34.75 34.5 33.5 33 32.25 33 33.75 33.5 33.75 34 34 34.25 34 33.5 33.5 34 34.5 34.25 33.25 33 33 33 33.5 33.5 33.25 33 33 33 33 33 33 33 33 33 33 33 33 33 33 33 33 33 33 33 33 33 33 34 34 34 34 34 34 34 33 33.75 34 34 33.5 33.5 33.25 33 33.75 34 34 34 34 34 34 34 34 34 34 33.75 33.5 33.25 33.75 34 33.75 33 33 32.75 33 32.25 32.5 32.5 32 32 32 32 32 32 32 32.5 33 32.5 32.75 34 33.75 33.75 33.25 33 33 33 33 33 32.5 32 32 32 32 32.5 32 32 32.5 32.5 32.5 31.75 31.75 31.75 32 NA NA NA NA NA NA NA NA NA NA NA NA NA NA NA NA NA NA NA NA NA NA NA NA NA NA NA NA NA NA NA 
NA NA NA NA NA NA NA NA NA NA NA NA NA NA NA NA NA NA NA NA NA NA NA NA NA NA NA NA NA NA NA NA NA NA NA NA NA NA NA NA NA 32.75 33 32.5 32.75 32.5 33 33.5 34.25 35 35.5 35 35 35 36 36 36.5 36.75 36 35.5 36.25 35.75 35.75 36 35.5 35.5 35.25 36 35.75 35.5 35.5 36.25 36.5 35.75 36.25 35.5 35 35.25 35.5 35.5 35.25 35 35.5 36.25 36 35.75 36.25 37 36.5 37 37 37.25 37.5 37.75 38 37.5 34 34 34.75 35.25 34.25 33.75 33.75 32.5 32.5 33.25 33.75 35.25 34.75 33.75 34 34 34 34 34.25 34.5 34.75 34 33.75 33 33.25 33 33.25 33.5 33 33 33 33 33 33 33 33 33 33 33 33 33 33 33 33 33 33 33 33 33 33 34 34 34 34 34 34 34 33.75 34 34 34 34 33.75 33.5 33 33.25 33.25 33.25 34 34 34 34 34 34 34 34 33 33.75 33.75 33 34 33.5 33.25 33 33.75 33 32.5 33 33.5 33.5 33.25 32.5 32.75 33.5 33.5 33.25 32.25 32 32.25 33 33.75 33 33 33 33 33 33 33 33 32.75 32 32 32 32 32.25 33 33 32.25 32.75 33 33.25 32.5 31.75 32 NA NA NA NA NA NA NA NA NA NA NA NA NA NA NA NA NA NA NA NA NA NA NA NA NA NA NA NA NA NA NA 
NA NA NA NA NA NA NA NA NA NA NA NA NA NA NA NA NA NA NA NA NA NA NA NA NA NA NA NA NA NA NA NA 32.33333 31.66667 NA NA NA NA NA NA NA 32.75 33 33.5 34.5 34 33.75 33.5 33.25 34.75 35.25 35 35 36 36 36.25 36.5 37 37 36.75 37 36.75 37 36.75 36.5 36.75 36.5 36 36.75 37 37 36.5 37.75 37.25 36.5 36.5 35.75 36 36 36 35.5 36 35.75 35.5 36 36 36.5 36.75 37.25 37 36.75 37 37.25 38.25 38.5 37.5 35.5 35.5 34.5 35.25 34.5 34.25 33.25 33 33 33.5 34.25 35.5 35 34.75 34.5 34.25 34 34 34 34 35 34.75 33.5 33.5 33.75 33.5 34 33 33 33.75 34 33 33.5 33.5 33.25 33 33 33 33 33 33 33.25 33.25 33 33 33 33 33 33 33 34 34 34 34 34 34 34 34 34 34 34 34 34 34 33.5 33.75 34 34 34 34 34 34 34 34 34 34 33.5 33.5 34 34 34 34.25 33.75 33.25 34 33.5 34.5 33.75 34 34 34.75 34.5 34.5 34.25 34 34 32.75 32.5 33 33 34 33.25 33 33 33 33 33 33 33 33 32 32 32 32.5 32.5 33 33.25 32.75 33 32.75 33.25 33 33.5 33.25 32.5 NA NA NA NA NA NA NA NA NA NA NA NA NA NA NA NA NA NA NA NA NA NA NA NA NA NA NA NA NA NA 
NA NA NA NA NA NA NA NA NA NA NA NA NA NA NA NA NA NA NA NA NA NA NA NA NA NA 33.25 34 34.75 34.5 33.5 33.25 32.25 32.5 32.33333 NA NA 34.5 NA NA NA 32.66667 32.75 33 33.75 34.5 35 35 34.5 34 34.75 35.25 35.25 36 36 36 36 36.75 37.5 37.25 36.75 37 37.5 37 36.5 36.75 37 36.25 36.5 37 38 37.75 37.25 37 37.5 37.25 36.5 36.25 35.75 36.25 36.75 36.5 36.25 36.25 36 36.25 37.25 37 37 37.5 37.5 37.5 37.75 38.25 38.5 39 37 36.75 36.5 36.25 35.25 35.5 34 33.75 33.5 33.25 33.25 34.5 34.25 34 34.5 34.75 34.25 34.5 34 34.75 34.75 35.25 35.5 34.5 34.25 33.25 34 34 33 33.5 33.75 33 33.25 34 34 34 33 33 33 33 33 33 33 33 33 33 33 33 33 33 34 34 34 34 34 34 34 34 34 34 34 34 34 34 34 34 34 34 34 34 34 34 34 34 34 34 34 33.5 34 34 34.25 34 34 34 34 35 34.5 34.75 34 33.75 34 34.5 34.25 34.5 34 34 34 33 33 33 34 33.25 33 33 33 33 33 33 33 33 33 32.75 32.5 32.25 33 33 33 33.25 33.5 32.75 33 33.25 33 33 33.5 NA NA NA NA NA NA NA NA NA NA NA NA NA NA NA NA NA NA NA NA NA NA NA NA NA NA NA NA NA NA 
NA NA NA NA NA NA NA NA NA NA NA NA NA NA NA NA NA NA NA NA NA NA NA NA NA NA 34.5 34.5 35 34.25 33.5 33.75 33.5 34.25 33.25 33 32.66667 33.75 33.75 34.75 35.25 33.75 33.25 33.25 34 34 34.5 35.5 35.5 35.5 35.5 36 35.75 35.5 36.25 36.5 37 37 37.5 37.5 37.75 37.5 37.75 37.75 37.25 37.5 37.5 37.5 37.5 37 37.5 38.25 38.25 37.75 37.25 37.25 36.5 36.25 37.25 37 36.5 37.5 37.5 37 37 36.5 36.5 36.75 37.25 37.25 37.75 38 39 38.5 39 39 36.5 36.25 36 36.75 36.75 35.75 34.25 34 33.75 33.75 33.5 33 33.5 34 34.75 35 34.5 35 34.75 34.75 35 35 35.25 35.75 35.75 35.25 35.25 35 34.25 34.25 34 34 33.25 33.5 34 33.25 33.5 33.75 33.5 33.5 33.5 33.5 33 33.5 33 33 33 33 33 33 34 34.25 34 34 34.25 34 34 34 34.25 34.5 34.5 34 34 34 34 34 34 34 34 34 34 34 34 34 34 34 34 34 33.5 34 34 34 34 34 33.75 33.75 34 34 34 34 34 34.25 34 34 34 34 34 33.5 33 33.25 34.25 34.25 33 33 33 33 33 33 33 33 33 32 32.75 33 32.25 32.75 33 33 33 33.5 33.25 33 33 33.5 34 NA NA NA NA NA NA NA NA NA NA NA NA NA NA NA NA NA NA NA NA NA NA NA NA NA NA NA NA NA NA 
NA NA NA NA NA NA NA NA NA NA NA NA NA NA NA NA NA NA NA NA NA NA NA NA NA NA 35 35 36.25 35.5 35.25 35.25 35.5 34.75 33.75 NA 33.5 34 33.75 34 34.25 34 34 33.5 34 34.25 35.25 35 35 35.75 36.25 36.5 36.5 36 36.5 37 37.5 37.25 37 37 37.75 37.75 38 38 38 38.25 38 38 37.5 38.25 38.5 39 39.5 38 37 37 37.25 37.25 38 37.25 37.5 37.75 37.25 37.25 37 37.5 36.5 37.75 38 38.25 38.5 38.75 38.75 38.5 38.25 38.75 37 36 35.75 35.5 36.25 36.5 35.75 36 34.75 35 34.25 33 33.25 34.5 35 34.75 35.25 35.25 35.5 35.5 35.75 36 36 36 36 36 36 36 36 35.5 35.25 34.5 33.75 34 34 34 34 33.5 33.5 34 34 34 34 34 34 33.75 33.5 33.75 33.25 33 34.25 35 35 35 34.5 34 34 34 34 34.75 34.75 35 34 34 34 34 34 34 34.25 34 34 34 34 34 34 34 34 34 33.75 34 34 34 34 34 33.5 34 34 34 34 34 34 34 34 34 34 34 34 34 34 33.75 34.25 34.5 34 33 33 32.5 32.5 32.5 32.75 32.75 33 32.75 32.25 32.75 33 33 33 33 32.5 33 33 33.25 33.25 33 34 NA NA NA NA NA NA NA NA NA NA NA NA NA NA NA NA NA NA NA NA NA NA NA NA NA NA NA NA NA NA 
NA NA NA NA NA NA NA NA NA NA NA NA NA NA NA NA NA NA NA NA NA NA NA NA NA NA 35.75 36 36.75 35.5 35 35.25 36 35 34 34.5 34.5 35 35.25 35 35.5 34.5 34.5 34 33.75 34 35.25 35.25 35 35.5 36 36.5 37 36.5 36.75 37 37.5 38 38 38 38 38 38 38.5 38.25 38.5 39 38.75 38 38.25 38.5 39 39 38 37.5 38 37.75 38.25 38.5 38.25 37.5 37.25 37.25 37.25 37 37 37.5 37 37.25 38.25 39 39 39.25 39.5 38.25 38.25 36.25 36.5 36.25 35.75 35.25 35.75 35.5 36.5 36.25 35 34 33 34 34.5 35.25 36.25 36.25 36 36.5 36 36.5 36.75 37 36 36 36.75 36.5 36 36 36 35.75 35.25 35.25 34.25 34 34.25 34.25 34 34 34 34 34 34 34 34 34 33.5 33.5 33.25 33 34.5 35 35 35 34 34.25 35 34.75 34.5 34.5 34.75 34.75 35 34 34 34 34 34.5 34.75 34.75 34 34 34 34 34 34 34 34 34 34 34 34 34 34 33.75 33.75 33.75 34 34 34 34 34 33.5 34 33.75 34 33.75 33.5 33 32.75 34 34 34 33.5 33 32.75 32.25 33 33 32.25 33 32.5 32.25 32.25 33 33 33 32.5 32.25 32.5 32.5 32.5 33 33 33 NA NA NA NA NA NA NA NA NA NA NA NA NA NA NA NA NA NA NA NA NA NA NA NA NA NA NA NA NA NA 
NA NA NA NA NA NA NA NA NA NA NA NA NA NA NA NA NA NA NA NA NA NA NA NA NA 36.75 37.25 36.5 35.5 35.75 35.5 34.75 34.5 34 34.5 35.5 35.25 35.5 36 36.5 36.75 36.5 36 35.5 34.5 34.5 34.25 35.5 36.25 36.75 36.25 36 36 36 36.75 37 37.25 38 38 38 38 38 38 37.75 38 38.5 38.75 39 39 39.25 40 39.75 39.25 38 38 38 38.5 39 38.25 37.75 37.5 37.25 37.5 38 37 37.75 38.75 38.25 38.25 38.75 39 39 39 39.5 39.25 38.5 35.5 35.5 35 35.25 34.5 34.5 35 36 36 36 35 33.25 34 35.25 36 36.5 35.5 35.5 35.75 35.5 36.25 37 36.5 36 36 36 36 36 36.25 36.5 36.5 36 35.5 35.5 35 35 35 34.75 34.25 34.25 34 34 34 34 34 34 33.75 33.5 33.5 33.25 35 35 35 34.25 34.75 35 35 35 35 35 35 35 35 34 34 34.5 34 34.25 35 34.5 34 34 34.25 34 34 34 34 34 34 34 34 34 34 34 34 34 33.75 34 34 34 34 33.25 34 34 34 33.5 33.25 33 33 33 34 34 34 33.5 33 33.25 33 33.25 33 32.75 32.5 33 32.25 32 32.5 32.5 32.5 32.25 32.75 33 33.25 33.25 33 33 33 33 NA NA NA NA NA NA NA NA NA NA NA NA NA NA NA NA NA NA NA NA NA NA NA NA NA NA NA NA NA 
NA NA NA NA NA NA NA NA NA NA NA NA NA NA NA NA NA NA NA NA NA NA NA NA 36 36 36.75 36.75 35.75 36 35.25 34.75 35 35.75 36.5 35.75 35.25 35.25 35.5 36.25 36.25 36.75 37.25 37.75 36.25 35.25 35 35 35 35.5 36.75 37.25 37.5 37.5 37.5 38 38.25 38 38 38.5 38.25 38.5 38.25 38.25 38.5 38.5 39 39 39.25 39 40 40 40 39.25 38.5 38.5 38.5 39 39 38 38 38.5 38.5 38 38 37.75 38.25 39 40 39 39 39 39 39 39 38.25 35.75 36 36 36.5 35.75 34.75 35 35.5 36 35.5 34.75 34 34.5 34.75 35 35.75 35 35.25 35.25 35.5 36 36.5 37 36.5 36.25 36.25 36 36 35.75 36 36 36 35.5 35.75 35.25 35.25 35 35 34.25 34.25 34 34 34 34 34 34 34 34 34 33.75 35 35 35 35 35 35 35 35 35 35 35 35 34.75 34 34.25 34.5 34.5 34.5 35 34.5 34 34 35 34 34.5 34 34 34 34 34 34 34 34 34 34 34 34 34 33.75 34 34 33.5 33 33.25 33 33 33 33 33 33 33.75 34 33.5 33 33 33.25 33.5 33.5 34 33 33 33 33 32.5 32 32.5 33 32.5 32.75 33 33 33.5 33 32.75 33 33.25 NA NA NA NA NA NA NA NA NA NA NA NA NA NA NA NA NA NA NA NA NA NA NA NA NA NA NA NA NA 
NA NA NA NA NA NA NA NA NA NA NA NA NA NA NA NA NA NA NA NA NA NA NA NA 37.5 37 36.25 36.25 36.25 36 35.75 36 36.5 37.5 37 36.75 36.75 37.5 36.5 36 37.25 37.5 38 38.5 38 36.75 36.25 36 35.75 35 36.25 37 37.5 38 38.25 38.5 39 39 39 39 39 39 39 39 38.5 39 39.25 39.5 40 39.75 40 40 40 40.5 40.25 39 39 39 39.25 38.25 38.5 39 39.25 38.5 39 38.25 39 39 40 40.25 40 40 39.5 39 38.5 38.5 36.25 37.25 37.5 38 36.5 35.75 35 35.25 36 36.25 35 34 34.75 35.25 35.75 36 35.5 35.25 35.75 35.75 36.5 37.5 38 38.25 37.25 36.75 37 36.5 36 35 35.5 36 36 35.5 35.5 35 35 35 34.75 34 34 34 34 34 34 34 34 34 34 34 35 35 35 35 35 35 35 35 35 35 34.25 35 34.75 34.5 34.5 34.25 35 35 35 34.25 34 34.25 35 35 34.25 34 34 34 34 34 34 34 34 34 34 34 34 34 33.75 34 33.25 33.25 33 33 33 33 33 33 33 33 33.5 33.25 33.5 33.5 33.5 33.25 33.75 34 34 34 33.5 33.5 33.5 32.5 32 32.25 32 32.5 32.25 33 33 32.5 33 33 32.5 33 33.66667 NA NA NA NA NA NA NA NA NA NA NA NA NA NA NA NA NA NA NA NA NA NA NA NA NA NA NA NA 
NA NA NA NA NA NA NA NA NA NA NA NA NA NA NA NA NA NA NA NA NA NA NA NA NA NA 37.66667 36.75 36.5 36 36 36.25 37 38 37.5 37.25 37 37.75 38.25 37.25 37.25 37.5 38 38.75 37.75 38 37.75 37 36.5 36 35.75 36 36.5 37.25 37.25 37.75 38 38.5 39.5 39.5 39.75 39.25 40 40 39.5 38.75 39.75 40 40 40.5 40.5 40.5 41 40.75 40.25 39.25 39 39.25 39.25 39.25 38.25 39 40 39 39 38.5 39.25 40.25 40.25 40 39.75 39.75 39.5 39.25 40.25 40 37.25 37.75 38.5 38.25 37.25 36.5 35.75 35.5 35.25 35.75 35 34 34.5 34.5 35 34.75 35 36 36.5 37 37.25 37.75 38.75 38.5 37.5 37.25 37.75 37.5 36.25 36 35.5 35.5 35.75 36 35.75 35.25 35 35 34.75 35 35 35 34.5 34 34 34 34 34 34 34 35 35 35 35 35 35 35 35 35 35 34.5 34.75 35 35 35 35 35 35 34.75 34.25 35 35 35 34.75 35 35 35 34.25 34 34 34 34 34 34 34 34 34 34 33.75 33.5 32.75 33 33 33 33 33 33 33.5 33.5 33 33.75 33.5 33.5 33.75 34 34 34 34 34 34.25 34 34 34 33 32.25 32 32 31.75 32 32 32.5 32.75 32.5 32.75 32.75 32.75 34.25 34.5 NA NA NA NA NA NA NA NA NA NA NA NA NA NA NA NA NA NA NA NA NA NA NA NA NA NA NA 
NA NA NA NA NA NA NA NA NA NA NA NA NA NA NA NA NA NA NA NA NA NA NA NA NA NA NA NA 38 37.25 37.5 37.25 38 38 38 37.25 38.25 39 39.5 38.75 38 38.75 39 38.75 37.75 37.25 38 37.5 36.25 36 37.25 38 38.5 38.5 38.75 38.5 38.75 38.5 39 40 40 40 40 40 39.5 39.75 39.75 40 40 40.75 41 41 41.5 41.5 41.5 40.75 39.5 40 40 39.5 38.75 39.25 39.75 39 39 39.5 40 41 41.25 40.5 40.25 40.5 39.75 39.5 40.25 40.75 39 39 38 38.5 37.5 36 36.5 36.5 35.75 35.25 35.25 35.25 35.5 35.5 35.25 35 35.25 36 36.75 37 37 37.5 38.25 38 38.25 38 38 38 37.5 36 36 36 35.5 35.25 36 35.75 35 35 35 35 35 35 35 34 34 34 34.75 34 34 34 35 35 35 35 35.25 35.25 35 35.25 36 35.5 35.25 35 35 35 35 35 35 35 35 35 35 35 35 35 35 35 34.5 34.5 34 34 34 34 34 34 34 34 34 34 33.5 33.5 33.5 33.5 33.5 33.25 33 33 33 33 33 33 33 33 33 33.5 34 34 34 34 34 34.25 34 34 34 34 33.5 33 33 32.75 32 32 32 32 32.75 33 33 33 33 33.5 33 33 NA NA NA NA NA NA NA NA NA NA NA NA NA NA NA NA NA NA NA NA NA NA NA NA NA 
NA NA NA NA NA NA NA NA NA NA NA NA NA NA NA NA NA NA NA NA NA NA NA NA NA NA NA NA NA NA NA 38.66667 38.5 38 38.25 38.75 39.25 39.75 40.25 40.25 39.5 39.5 39.75 39.25 38.75 38 37.25 37.5 37 37 37.5 38 38.25 39 40 39.25 40 39.75 39.75 40 40 40 40.25 40.75 41 40.75 40 40.25 40.75 41 41 42 42 42 42 42 42 40.75 41 40 39.5 39.75 40 39.75 39.5 40.25 41.25 41.75 41.25 42 41.5 41 40.5 39.75 40 40.5 39 38.75 39 39 38.5 37.25 37.25 36.25 36.75 36.5 36 36 35.75 35.25 35 35.5 36 36.75 37 36 36.25 36.75 37 37 37.75 38 38 38.25 38.25 37.75 36.5 36 36 35.5 35.5 35.75 35 35.25 35 35 35 35 34.25 34.25 34.5 35 34.25 34 34 34 35 35 35 35.25 35.5 35.75 35.25 35 35.25 36.5 36 35.5 35.25 35 35 35 35 34.75 34.75 35 35 35 35 34.25 34 34 34 34 34 34 34 34.5 34 34 34 34 33.75 33.25 34 34 34 34 34 34 33.25 33 33 33 33 33 34 33.5 34 34 34 34 34 34 34 34 34 34 34 34 34 34 34 33.25 32.75 32 32 32.5 32.5 32 32.75 33 32.5 32.25 32.25 33 33.66667 34.5 NA 35 NA NA NA NA NA NA NA NA NA NA NA NA NA NA NA NA NA NA NA NA NA 
NA NA NA NA NA NA NA NA NA NA NA NA NA NA NA NA NA NA NA NA NA NA NA NA NA NA NA NA NA NA NA NA 40 39.5 39.5 40 40 40.5 41 41 41 41 41 41 40.25 39.25 38.25 37.5 37 38.25 38.5 38.75 39 39.75 39.5 39 40.25 41.25 41.5 41.25 40.5 40.5 40.5 41 41 41 40.75 41 41.25 41.75 42 42.5 42.25 42 42 42 42.5 41.5 40.5 40.5 40.5 41.5 40.5 40.25 40.5 40.25 41.5 42 42.25 42.25 41.5 41 41 40.25 40 40.75 38.75 39.25 39 39 39 38 37.5 37 37 36.75 36.25 36.25 36.5 36 35 35.75 36 36 37 36.5 36.5 37.75 37.5 37.5 37.5 38 38 38.25 38.25 38.25 36.75 36.5 36 36 35.5 36 36 35.25 35.5 35.25 35 35 35 35 34.75 34.5 34 34 34 34 35.25 35.5 35.75 35.5 35.25 35.75 36 35.25 35 35.75 37 36.75 35.75 35 35 35 35 35 35 35 35 34.5 34.25 34.25 34.25 34 34 34 34 34 34 34 34 34 34 34 34 34.25 34 34.75 34 34.25 34.25 34 34 33.25 33 33 33 33 34 34 33.5 33.5 34 34 34 34 34 34 34 34 34 34 34 34 34 34 32.75 32 32 32 32.5 32.75 33 32.5 32 32.5 33 33 33 33.25 33.5 33.75 34.66667 NA NA NA NA NA NA NA NA NA NA NA NA NA NA NA NA NA NA NA NA 
NA NA NA NA NA NA NA NA NA NA NA NA NA NA NA NA NA NA NA NA NA NA NA NA NA NA NA NA NA NA NA NA NA NA NA 41 41 41 41 41 41 41 41 41 40.5 39.75 39.25 38.75 37.75 37.5 38.25 38 38.25 39.5 39.5 39 40.25 41.5 42 42 42 42 41.25 41 41 41 41 41.5 41.5 41.75 42 42.25 42 42.5 42.5 42.75 42.5 42 41.25 41 40.75 41.5 40.75 40.75 41.75 40.75 41.5 41.75 42 41.75 41.25 42 41.5 41.75 40.25 41.5 39.5 39.25 39 39 38.75 37.5 37 37.25 37.5 37 36.75 36 36 36 35.75 36 35.5 36 36.25 36.25 37 37.5 37.25 38 38.25 38 38.25 38.25 38.75 38.25 37 36.5 36.25 36 36 36 36.5 36.25 35.75 35.25 35 35 35 35 34.75 35 35 35 35 34.5 35.5 36 36 36.25 36.5 36.75 37 36.75 36.5 37.25 37.5 37.25 36.25 36.5 36.25 35.5 35.5 35 35 35 35 35 35.5 35.5 35 34.75 34.5 34.5 34.5 34.5 34 34 34 34 34 34.5 34 34.25 34 34.5 34.75 34.5 34.75 34.75 34.25 34 33.75 33 33 33 34 33.5 33 33 33 33 33.25 34 34 34 34 34 34 34 34 34 33.75 33.25 33 32.75 32 32.25 31.5 31.75 31.75 32.25 32.25 32.5 32.5 33 33.25 33 33.75 34.75 35.25 NA NA NA NA NA NA NA NA NA NA NA NA NA NA NA NA NA NA NA NA 
NA NA NA NA NA NA NA NA NA NA NA NA NA NA NA NA NA NA NA NA NA NA NA NA NA NA NA NA NA NA NA NA NA NA NA NA NA NA 42 41.75 42 41.5 41.5 41 40.5 39 39.25 40 38.5 38.25 38.5 38 39 39 39.25 40.75 41.5 42 41.5 42 42.5 42 42 42.25 41.75 41.25 41 41.5 42 42 42.5 43 43 43 43 43 43 42.75 41.75 41 41.25 42 41 41.25 42 41.5 41.75 42.25 42 42.25 42 42.5 42 42.5 41.5 41.5 39.5 40 39.5 39 39 38 37.25 37 37.25 37.25 37 36 36 36 36 36 36.75 37.5 37.25 36 36.5 37 37 37.75 39 38.75 39 38.75 38.75 39 38 36.75 36.5 36.5 36.75 36 36 36 36.5 35.75 35 35 35.25 35 34.5 34.5 35 35 35.5 35.25 36.25 36.75 37 37 37 36.5 37 36.25 37 37 36.75 37.5 37.5 37.75 36.5 36 35.75 35.25 35 35 35.5 35.75 36 36 35.25 35.25 35 35 35 34.5 34 34 34.75 34 34 34 34.25 34 34 34 34 34 34 34 34 34 34 33.5 33 33 34.25 33.75 33.5 33.25 33.25 33.25 33 33 33.5 34 34 34 34 34 34 34 34 33.25 33 32.25 32 32.75 32.25 32.5 32.25 32 32.75 33 33 33 33 33.25 34.25 34.25 33.5 34.5 35.25 34.25 34 34 NA NA NA NA NA NA NA NA NA NA NA NA NA NA NA 
NA NA NA NA NA NA NA NA NA NA NA NA NA NA NA NA NA NA NA NA NA NA NA NA NA NA NA NA NA NA NA NA NA NA NA NA NA NA 42.33333 42.25 42 42 42 41.25 40.25 39.25 39 39 38.75 39 40 39.75 39.5 39.5 39.5 40.75 41.5 42.25 42 42.5 42.75 43 43 42.5 42.25 42 42.75 42.25 42.25 43 43 43 43 43 43 43 43 43 42.5 41.25 41.25 42.25 41.75 41.25 41.75 43 42.75 43 42.5 42.5 42.75 42.5 42 42.75 42 42 39.75 40 39.5 38.75 37.75 37.75 37.25 37 37 37 37 37 37 36.25 36 36.25 37 38 37 37 38.25 38.5 38.25 38 38.5 39.25 39.25 39 39 39 38.5 37 37 37 36.75 36.5 36.75 36.25 36 36 35.75 35.75 35 35 35 34.75 35 35.25 36 36 37 37 37 36.5 36.75 36.5 36.5 37 37 36.5 36.5 36.5 36 37 36.5 37 36.75 36.5 35.75 35.5 35.75 36 35.5 36 35.5 35 35 34.75 34.25 34 34 34.75 35 34.75 34.25 34 34 34 34 34 34 34 34 34 33.75 34 33.75 33 33 33.25 34.75 34.25 34.25 33.75 34.25 33.5 33.5 33.75 33.75 33.75 33.5 33 33 33 33.5 33 33.25 33.25 33.25 33 32 32.25 32.75 33 33 32 32 32 33 33.5 34.25 35 34.25 32.75 32 32.5 33.5 33.5 32.25 32.75 33.5 NA NA NA NA NA NA NA NA NA NA NA NA NA NA 
NA NA NA NA NA NA NA NA NA NA NA NA NA NA NA NA NA NA NA NA NA NA NA NA NA NA NA NA NA NA NA NA NA NA NA NA NA NA NA 43 43 43 41.75 40.25 39.5 40.25 40.5 40 39 39 39.5 40 40.25 40.75 41.25 41.5 41.25 42 42 42 42 42.5 43 43 42.5 43 43 43 42.75 43 43 43.25 43.5 44 43.75 43.5 43.5 43.5 43.25 42 42.5 42.5 42.5 42.5 43.25 44 43.75 43.75 43 43 43.25 42.5 42.5 42.75 42 42.25 40.25 40.5 39.5 38.75 38 38 38.75 37.75 37 37 37 37 37 36.25 36 36.5 36.75 37.5 38.25 37.75 39 39.5 39.75 39.5 38.75 39.5 40 39.5 39 38.75 37.5 37.25 37.75 37 37 37.25 36.75 36 36 36 35.75 35.5 35.5 35.25 35 34.75 35 35 35.25 35.75 37 37 37 37 36 36.25 36 36 36.25 36 36.5 36 36.5 36.5 36.25 36 36 36 36 36 36 35.75 35.25 35 35 35 35 35 35 34.5 34.75 35 35 35 35 34.25 34 34 34 34 34 34 34 34 34 34 33.5 33 33 33 34.25 34.5 34 34.5 34.5 34.25 34.5 34.5 34 33.5 33.75 34.5 34.5 34.5 34 33.25 33 33 33.75 33.5 32.75 32 32.25 32.25 32.5 32.75 32 32 32.5 33.5 33.75 33.75 33.5 33.75 32.75 32.25 32.25 32.5 32.25 32 32.5 33.25 NA NA NA NA NA NA NA NA NA NA NA NA NA 
NA NA NA NA NA NA NA NA NA NA NA NA NA NA NA NA NA NA NA NA NA NA NA NA NA NA NA NA NA NA NA NA NA NA NA NA NA NA NA NA 43.25 43 42.75 41.5 41 41.75 41.25 40.75 39.75 39 39 39.75 40 40 40.5 41.25 41.75 42 42 43 42.25 42.5 42.5 42.5 42.5 43.5 43.25 42.5 42.5 42.75 42.5 43 43 43 43 43 43.5 43.5 43 42 42 42 42.25 42.75 43.25 43 43 43.25 43.25 43 42.5 42.5 42.25 42.25 42.5 42 40.75 40 39 38.25 38.25 38.25 38.5 38.25 37.25 37.25 37.25 36.75 36.5 36 36.25 37 37 37.75 38.5 39.25 39.75 40 40.5 40.75 40 40 40 39.5 38.5 38 37.5 37.5 37.25 37 37.25 37.5 37 36.5 36.25 36 36 36 35.5 35.5 35 35.25 35.25 35 35 35.5 36.5 36.5 36.5 36.5 36 36 36 36 36 36 36 36 36 36 36 36 36 36 36 36 36 36 36 35.5 35.25 35 35 35 35 35 35 34.5 35 35 35 35 35 34 34 34 34 34 34 34 34 34 33.5 34 33.25 32.5 33.25 32.75 32 32.75 32.75 32.25 33 33.75 34.5 34.75 35 34.75 35 35 34.5 33.75 33 33 33 33.25 33.5 32.5 32 32 33 32.75 33 32.25 32.25 33 32.75 32.5 32.5 32.75 32 32.5 32.5 32 32.5 33 33.5 33.5 34.25 34 NA NA NA NA NA NA NA NA NA NA NA 
NA NA NA NA NA NA NA NA NA NA NA NA NA NA NA NA NA NA NA NA NA NA NA NA NA NA NA NA NA NA NA NA NA NA NA NA NA NA NA NA NA NA 44 43 42 42 41.25 40 40.25 39.5 40.5 39.25 39.25 40.5 41 41.25 42 42.5 41.5 42 42.5 43 42.75 42.75 43 43 43 42.5 42.5 43 43 42.5 42.5 42.5 42.5 42 42.5 43 43 42.5 42 42 42.25 42 42 41.5 41 41.25 42.25 42.5 42 42.75 42.25 42.25 42.75 41.75 39.75 39.75 39.5 38.5 38 38.25 38 38 38 37.5 36.75 36.25 36 36.25 36.75 37.25 37.5 37.5 37.5 39 40 40 40.5 41 41 40.5 39.5 39 39 38 38.25 38.75 38 37.75 37 36.5 36.5 36.25 36 36.25 36.75 36.75 35.75 35.25 36 36.25 36.25 35 35.5 36 36 36.75 36 36.5 36 36 36.25 36 36 36 36 36 36 36 36 36 36 36 36 36 36 36 36 36 36 35 35 35 35 35 35 35 35 35 35 35 34.75 34 34 34 34 34 34 34 34 33 33.25 33 33 34 34.25 33 33 33.75 33.25 32.5 32.5 32.75 33.25 33.5 34 34 33.5 34.5 34.25 33.5 33 33 33.25 33 33 33 32.5 32 32 32.25 32.25 32 32 32.5 32.5 32.5 32 31.75 32 32.25 33.5 33.5 33.75 34 34.25 34 33.25 33.25 34.33333 NA NA NA NA NA NA NA NA NA NA 
NA NA NA NA NA NA NA NA NA NA NA NA NA NA NA NA NA NA NA NA NA NA NA NA NA NA NA NA NA NA NA NA NA NA NA NA NA NA NA NA NA NA NA 44.66667 43.25 42.5 41.25 40.75 41 41.5 41 40.5 40.25 39.25 40 41.5 43.25 43.75 43.75 42.5 42.75 43 43.25 43 43 43 43 43.25 43.25 43 43 43 43 43 43 43 42.75 43 43 42.75 42.75 42.25 42.25 42.75 42 41 41 41.25 42 42.5 42.75 43.25 42.75 42.75 43 41.5 39 39.5 40 39.25 38.5 37.5 37.25 37.25 37.25 37 37 36.75 37.25 37.5 37.25 37 37 37 37.5 38.75 40 40.5 41 41 41.25 40.5 39.25 39 39 38.5 39 39 38.25 38 38 37.5 37.75 37 36 36.75 36.5 37 36 35.75 36 36.25 36 35.5 36 36 36 36.75 37 36.25 36 36 36.25 36 36.25 36 36 36 36 36 36 36 36 36 36 36 36 36 36 36 36 35 35 35 35 35 35 35 35 35 35 35 34.75 34.25 34.5 34 34 34 34 34 33.75 33 33 33 33 33 34 34.25 34 33.75 33.75 33 32.25 32 32.75 33.25 33.5 33.5 34 34 34 34 33.25 33 33 32.5 32.5 33 33 33 32.25 31 31.75 31.75 32.25 31.75 31.5 31.5 31.75 32.5 32.5 33 33.25 32.75 33.5 33.75 33.25 32.75 33.25 34.25 34 33.5 NA NA NA NA NA NA NA NA NA 
NA NA NA NA NA NA NA NA NA NA NA NA NA NA NA NA NA NA NA NA NA NA NA NA NA NA NA NA NA NA NA NA NA NA NA NA NA NA NA NA NA NA 45 45 44.5 43.5 41.75 42.5 42.5 42 42.25 42.5 41.75 40.5 40.5 42 43 44 44 44.25 44.5 44.25 43.25 43 43.25 43.5 43.5 43 43.25 43 43.5 43 43.25 43 43 43 43 43 42.75 42.75 42.75 43 43 43 42.75 41.25 41.5 42.25 41.75 41.75 42.75 43 43 43 42 41 39 39 39.75 39.5 38.75 38 38 38 38 37.5 37.5 37 37 37.25 37.25 37.75 38 38 37.75 39 39.75 40 40.75 41 41.25 40.75 39.75 39 39 39 38.75 38.25 38 37.5 37.5 37.5 37.75 37.75 36.75 37 36.25 37 37.5 36.5 37 37.25 36.25 36 36.25 36.5 36.75 37 37 37 36.75 36 36 36 36 36 36 36 36 36 36 36 36 36 36 36 36 36 36 36 36 35.25 35 35 35 35 35 35 35 35 35 35 34.5 34 34.25 34.75 34 34 34 33.5 33 34 33.5 33 33 33.25 34 34.25 34 34.25 34 33.75 33.5 33 32.5 32.75 33 33.25 33.25 33.25 33.75 33.5 33.5 32.75 32.5 32.5 32 32.25 33 32.25 33 31.75 31.5 31.75 31.75 31 31.5 32 31.25 31.75 32.25 32.5 32.25 32.25 33.25 34 32.75 32.5 33 34 32.25 32 NA NA NA NA NA NA NA NA NA 
NA NA NA NA NA NA NA NA NA NA NA NA NA NA NA NA NA NA NA NA NA NA NA NA NA NA NA NA NA NA NA NA NA NA NA NA NA NA NA NA NA NA NA 45 45 45 43.25 43 42.75 42.5 42.75 42.5 42 40.5 42.25 42.5 42.75 43.25 43.75 45 45 44.5 43.75 43.5 43.75 44.5 44.5 44 44 43.75 43.75 43.5 44 44 43.5 43 43 43.25 43 43 43 43 43 43 42.75 41.25 41.5 41.5 41.25 41.75 42.25 42.75 42.5 41.5 41 41 39.75 39.25 39.75 39.75 39.5 38.5 38 38 38 38 37 37.5 38 37.25 37 37.5 38 37.5 37.75 38.25 39 39.75 40 41 42 40.5 39 38.75 38.75 38.75 38.75 38.5 38 38 38 37.75 37.25 37.25 37.75 37.75 37.5 37.25 38 37.25 37 36.75 36 36.5 37 36.75 37 37 37 37 37 37 36.25 36 36.5 36 36 36 36 36 36 36 36 36 36 36 36 36 36 36 36 36 36 35.5 35 35 35 35 35 35 35 35 35 34.25 34.25 34.25 34 34 34 34 33 33.25 33.75 34 33.5 33 34 34.25 34.75 34 34.25 34 34 33.5 33 33 32.5 33 32.5 32.5 32.5 32.5 32.5 32.25 32 32.5 32.75 32 32 32 32.25 32 32 31.25 31 31.25 31.75 32.25 31.5 31 31.5 31.5 31.5 31.5 32.5 33.5 32.75 32 32.75 33 32 31.25 32 NA NA NA NA NA NA NA NA 
NA NA NA NA NA NA NA NA NA NA NA NA NA NA NA NA NA NA NA NA NA NA NA NA NA NA NA NA NA NA NA NA NA NA NA NA NA NA NA NA NA NA NA NA 46.33333 46 44.5 43.75 44 43 42 42 42.25 41.75 42 42.75 42.75 43.25 44 44.25 44.75 45 45 44 44.5 45 45 45 44.75 44.25 44 44 44 44 44 44 43.5 43.5 43.75 44 43.75 43.5 43.75 43.25 43.25 42.5 41.25 41.75 42 42 42 42 41.5 41 41 41 40 39.25 40 39.75 39 38.25 38.5 38.5 38 38 37.75 38 38 37.75 37 37.5 37.5 37.75 37.75 38 38.66667 39.66667 NA NA NA NA 39.66667 39.25 39 38.5 38.75 38.25 38 37.5 37.25 37.25 37.5 37.25 37.25 37.5 38 38 38 38 37 36.5 36.75 36.25 36.75 37 37 37 37 37 37 37 37 36.25 36.25 36.5 36 36 36 36 36 36 36 36 36 36 35.5 35.5 36 36 36 36 36 36 35.25 35 35 35 35 35 35 35 34.75 34 34 34 34.25 34.25 35 34.25 33.5 33 33 33.5 33.5 33.75 34 34 34 34 34 34 33.75 33.75 34 33 32.5 32.25 32 32.5 32 32 32 32.25 32 32 32 32 32 32 32 32 31.5 31 31.25 31.75 32.25 32.25 31.5 31.25 31 31.5 31 31.5 31.5 31.5 32.75 32 32.5 33 32.5 31.25 31.75 32.33333 NA NA NA NA NA NA NA 
NA NA NA NA NA NA NA NA NA NA NA NA NA NA NA NA NA NA NA NA NA NA NA NA NA NA NA NA NA NA NA NA NA NA NA NA NA NA NA NA NA NA NA NA NA NA NA 45 44.75 42.75 42.5 42.75 42.75 42.5 42.5 42.25 43 43 43.75 44 44.5 45.25 45 44.5 45 45 45 45 45 45 45 44.5 44 44 44 44 44 44 44 44 44 44 44 44 44 43 42 41.5 42 42 42 42 41.75 41.25 41 41 40 40 40 40 39.75 39 38.5 38.5 38.75 38 38 38.75 38.25 38 37.75 37 37.25 38 NA NA NA NA NA NA NA NA NA 39.66667 39.25 38.75 38.75 38.5 38.5 38.5 38 38.25 38.5 37.75 37.25 37 37 37.5 37.25 37 37 37 36.75 36 36.75 37 37 37 37 37 36.75 36.5 36.75 36.75 36 36 36 36 36 36 36 36 35.75 35.5 35.5 35.5 35.25 36 36 36 36 36 36 36 36 35.25 35 35 35 35 35 35 34 34.5 34.5 35 35 35 35 35 34 33.5 33 33.25 33.25 33.5 34.75 34 34 34 34 34 33.5 33.5 34.25 33 32 32 32 32 32 32 32 32 32 32 32 31.5 31.5 31.5 32 32 31 31.75 31.25 31.25 32 32.25 32 32.25 31.75 31 30.75 31 31 31 32.5 32.25 32 32.5 32.5 31.25 31.5 31.75 33 NA NA NA NA NA NA 
NA NA NA NA NA NA NA NA NA NA NA NA NA NA NA NA NA NA NA NA NA NA NA NA NA NA NA NA NA NA NA NA NA NA NA NA NA NA NA NA NA NA NA NA NA NA NA NA NA 44 44 43.5 43.5 43 43 43.25 42.5 43 44 44.75 45 45 45.25 45.25 45.5 45.25 45 45.5 45.5 45.5 45 45 44.75 44.25 44 44 44 45 44 44 44.5 44.25 44 44 44 43.75 43.25 42 42 42 42.25 42.5 42.75 42 41.75 41 40 40 40 40 40 39.75 39.25 38.5 38.25 38.25 38 38.75 38.5 38.75 38.75 38 NA NA NA NA NA NA NA NA NA NA NA NA 39.5 38.75 38 38.75 39 39.5 39 38.25 38.5 38.25 38 37.75 36.25 36.5 36.5 37 36.75 37 37 37 37 37 37 37 37 36.75 37 36 36 36 36 36 36 36 36 36 36 36 36 35.5 35 35.25 35.5 35.5 35 35 35.5 35.75 36 36 36 35.75 35.25 35.25 35 35 35 35 35 35 35 35 35 35 34.5 34.25 34 34 34 34 33 33 34.75 35.5 34.75 34.25 34 33.75 33 33 33.5 34.25 33 32.25 32 32.25 32 32 32 32 32 32 32 32 31.75 31.5 31 31.25 31.25 31.25 31 31.25 32 31.75 31.75 31.5 32.25 32.75 31.75 30.75 30.5 30.5 31.5 32.75 32 31.75 32.25 31.25 32 32 32 32.25 NA NA NA NA NA 
NA NA NA NA NA NA NA NA NA NA NA NA NA NA NA NA NA NA NA NA NA NA NA NA NA NA NA NA NA NA NA NA NA NA NA NA NA NA NA NA NA NA NA NA NA NA NA NA NA 45.5 44.5 43.75 43.25 43 44.25 44 43 43.75 44.5 45 44.25 44.75 45 45.75 46 46 46 46.5 46 46 45.75 45 45 45 45.25 45 44.75 44.75 45 45 45 44.5 44.5 44 44.25 44.25 43.75 42.5 42.25 41.75 42 43 43 42.25 42.25 42.25 40.75 40.5 40 40 40 40 39.75 38.75 39 39 38.75 NA NA NA NA NA NA NA NA NA NA NA NA NA NA NA 39 39.5 40 39 38.5 39 39.25 39.75 39.5 38.75 38 38 38.5 38.25 37 37.25 37 36.5 36 37 37.25 37 37 37 37 37 37 37 37 36.75 36 36.25 36.25 36 36 36.25 36 36.75 36 36 36.25 36.5 36 36 36 35.75 35.75 35.25 35 35 35.5 35.5 35.5 35.5 35 35 35 35 35 35 35 35 34.75 34.5 35 34.25 34 34 34.5 34.25 34 34 34 34 34.25 35 35.25 35.25 34.5 34 33.25 33 33.5 34.75 33.75 32.5 32 32.25 32.75 32.25 32 32 32.5 32.5 32.75 33 33.75 33.5 32.5 31.5 31 31.5 31.25 31.75 32 32 32.25 31.75 32 31.5 31.75 32 31.75 30.75 30.5 31.5 32.25 31.5 31.75 31.5 32 31.75 32 32.25 32 32.5 32 32 NA 
NA NA NA NA NA NA NA NA NA NA NA NA NA NA NA NA NA NA NA NA NA NA NA NA NA NA NA NA NA NA NA NA NA NA NA NA NA NA NA NA NA NA NA NA NA NA NA NA NA NA 46 45 45 44.25 43.75 43.5 43.25 44 44.5 44.5 44.75 45.5 45 45.25 46 46.75 47 46.75 46.25 46 46.25 46 46 46 46 45.25 45 45 45 45 45 45 45 45 45 44.5 44 44 43.75 42.75 41.75 41.5 42.25 42 41.5 41.75 41 40.25 40.75 40 40 40 39.75 39 39.25 39.25 39.5 39.75 NA NA NA NA NA NA NA NA NA NA NA NA NA 39.5 39.33333 39.5 40 39.5 39 39.25 39.75 39.5 39 39.75 38.75 38 39 38.5 37.25 37.5 38 37.5 36.75 36.25 36.5 36.5 37 37 37 37 37 37 36.75 36.5 36 36 36.75 36.75 36 36.5 36 36 36.25 36.75 37 36.25 36 36 35.5 36 36 36 35.25 35 35.5 35.75 35.25 35.25 35 35.25 35 35 35 35 35 35 35 35 35 34.75 35 34.25 34.25 34 34 34 34 34 34.5 34.5 34.5 34.75 36 36.5 34.75 33.75 33.75 35.25 35 33 32 32.25 33 33 32.5 32.5 32.75 33 33.5 34 33.25 33 32.75 32.75 32.75 32.25 31.75 31.25 31.5 32 32 32 32.5 32 31.5 32 31.75 31.25 31 31 31.75 32 31 31.5 32 31.25 32 31.5 31.25 31.5 32 32.5 33 
NA NA NA NA NA NA NA NA NA NA NA NA NA NA NA NA NA NA NA NA NA NA NA NA NA NA NA NA NA NA NA NA NA NA NA NA NA NA NA NA NA NA NA NA NA NA NA NA NA NA NA NA 46.5 NA NA 44.66667 44.66667 44.33333 44.75 44.5 45 45 45.25 46.25 46 47 47.25 47 47 47 47 46.5 46 46.5 46.25 46 45 45 45 45.25 45 45 45 45 45 44.5 44.75 44.75 44.25 44 43.5 42 41.25 41.25 41 40.5 40.5 40 40.75 41 40.5 40 39.75 39.25 39.75 40 39.75 40 40 NA NA NA NA NA NA NA NA NA NA NA NA NA NA 40 40 40 39.5 39.5 39 39.25 39.5 38.75 38.5 38 38.75 39 37.75 37 38.5 37.75 37.25 37 37 36.25 36.25 36.25 37 37 37 37 36.75 36 36 36 36.5 37 37 37 36 36 36 36.75 36.75 37 36.25 36.25 35.5 36.25 36.75 36.5 35.75 35.25 35.25 36 36 36 36 35.5 35.25 35.5 35 35 35 35 35 35 35 35 34.75 34.5 34.75 34.75 34.25 33.75 33.5 33.5 34 34 34 34.25 34.25 36 37 36.75 35.5 36.25 36 35 33 32 32.75 33.5 34 34 34 34 33.5 33 33 33 33 32 32 32 32 32 32 32 31.5 31.25 31.75 32 32.5 33 31.75 31.25 30.5 30.25 30.25 30.75 31 31.75 31.25 31.25 32 32 31.25 31 31.25 31.75 32 
NA NA NA NA NA NA NA NA NA NA NA NA NA NA NA NA NA NA NA NA NA NA NA NA NA NA NA NA NA NA NA NA NA NA NA NA NA NA NA NA NA NA NA NA NA NA NA NA NA NA NA NA NA NA NA NA NA NA 44.75 45.5 45.5 46 46.75 47 46.5 47.25 47 47 47.5 47.75 47 47 47 47 47 46.25 46 46 46 46 45.5 45.25 45 45 45 45 44.5 44 44 44.5 44 44 43.25 42.5 42.5 42 39.75 40 40 40.75 41 40 40 40 40 39.75 40 40 40.25 39.75 39.66667 NA NA NA NA NA NA NA NA NA NA NA NA NA NA 40.5 41 39.75 39.75 40 39.75 39.25 39.75 38.5 38.25 38.75 38.75 37.75 38.75 38.5 38 37.25 37.5 37 36.75 36 36.25 37 36 36 36 36 36.25 37 36.75 37 37 36.5 36 36.75 36.75 36.25 36.25 36.75 37.25 37 36.5 36.25 37 36.75 36.5 36 35.75 36 36 36 36 35.5 36 35.5 35 35 35 35 35 35 35 35 35 35 35 35 35 34.5 34 34 34.5 34 34 34 34 34 36 37 37.25 37 36.5 36.25 34.75 33 32.25 33 33.25 34 34 34 33.5 33 33 33 33 32 32 32 32 32 32 32 32 31.25 31.25 31 31.75 32 32 32 31.5 31.5 31.25 30.75 30.25 30.25 30.75 31 31.25 31 31 31.25 31 31 32 
NA NA NA NA NA NA NA NA NA NA NA NA NA NA NA NA NA NA NA NA NA NA NA NA NA NA NA NA NA NA NA NA NA NA NA NA NA NA NA NA NA NA NA NA NA NA NA NA NA NA NA NA NA NA NA NA NA NA 45.75 46 46.75 47 47.25 47.5 47 47.25 47.5 48 48 47.5 47.5 47 47 47 47 47 47 46.75 46.25 47 46.25 45.75 45 45 45 45 44.75 45 45 45 44.25 44.25 44 43.25 42.25 41.5 40.25 40.25 40.25 40.5 40.5 40.25 40 40.5 40 40.25 40.5 40.5 40.75 40.75 41 NA NA NA NA NA NA NA NA NA NA NA NA NA NA NA NA 41 40.75 41 40.5 41 40 39 38.5 39.25 40 39.25 39 39 38.25 37.5 37.25 37.25 37 36.75 36.25 36.5 36 36.75 36.75 36.75 36 36.25 36.75 37 37 37 36 36.25 36.5 36.75 36.5 36.5 37 36.5 36.5 37 37 36.75 36 36 36 36 36 36 36 36 36 35.75 35 35 35 35 35 35 35 35 34.75 35 35 34.75 35 35.25 35 34.5 35 34.25 34 34.25 34 34 35 36.25 36.5 37 36.75 36.25 35 33.75 33 33 33.5 33.5 34 34 34 33.75 33.25 33 32.75 32 32 32 32 32 32 32 32 32 31.25 31 31.25 32 32 32 32 32 31.5 31.5 32 31 30 30.75 31 31 31.25 31.5 31.5 31.25 32 
NA NA NA NA NA NA NA NA NA NA NA NA NA NA NA NA NA NA NA NA NA NA NA NA NA NA NA NA NA NA NA NA NA NA NA NA NA NA NA NA NA NA NA NA NA NA NA NA NA NA NA NA NA NA NA NA NA NA NA 46 46 47 48 48 47.25 47 47.5 47.75 48 48 48 47.75 47.5 47.25 47 47 47 47 47 47 47 46.5 45.75 45.25 45 45 45 45 45 45 45 44.75 44.25 42.5 42 42.25 41.5 41.75 41 41 40.5 41 40.5 40.25 40 40 40.5 40.5 41 41 41 41 40 NA NA NA NA NA NA NA NA NA NA NA NA NA NA NA NA NA NA NA NA 40 40.25 40 NA 40 39.5 39.33333 38.25 38 37 37 36.75 36.5 36.75 37 36.25 36.5 37 37 37 36.5 36.5 37 37 36.75 36.75 36.75 36.25 36.5 37 37 36.25 36 36 36.5 36 36.25 36 36 36 36 36 36 36 36 36 35.75 35 35 35 35 35 35 35 35 34.75 35 34.75 34.5 35 35 35 35 35.5 34.75 34 34 34.25 34 34 34.25 34.25 36 37 37 35.75 34.5 33.25 33 33.5 34 33 33.5 33.75 34 33.75 33.25 33 33 32.25 32 32 32 32 32 32 32 32 31.25 31 31 31 32 31.75 31 31 31 31 31.5 31 30.5 30.75 31 31 31 31 31 NA 
NA NA NA NA NA NA NA NA NA NA NA NA NA NA NA NA NA NA NA NA NA NA NA NA NA NA NA NA NA NA NA NA NA NA NA NA NA NA NA NA NA NA NA NA NA NA NA NA NA NA NA NA NA NA NA NA NA NA NA NA NA 47 NA NA 48 47.25 48 48 NA 48 48 48 48 48 48 47.75 47.5 47.5 47.25 47 47 47 46.75 46.5 45.75 45.25 45 45 45 45 45 45 45 43.5 43 43.25 41.75 41.75 41 41 41.25 41 41 41 40.5 40.25 40.75 41 41 41.25 41.25 40.25 40.5 NA NA NA NA NA NA NA NA NA NA NA NA NA NA NA NA NA NA NA NA NA NA NA NA NA NA NA 38.75 38 38 38 38 37 37 37.5 37 36.5 37.5 37.25 37.25 37 36.25 36.25 37 37 37 37 37 37 37 36.5 36 36.5 36 36 36 36 36.25 36 36 36 36 36 36 36 35.75 35 35 35 35 35 35 35 35 35 35 35 34.75 34.75 34.5 34.5 34.75 35 35.5 35.25 34.75 34.25 34.75 34.5 34 34 34 34 34.5 35.75 36 34.75 34 33.75 33.5 33.25 33 33.5 33.5 33.25 34 33.5 34 33 32.25 32 32.75 32.75 32 32 32 32 32 31.5 31 31 31.25 32 32 31.5 31.25 30.5 30 30.25 30.5 31.5 31.5 31 31 31 31 NA NA 
NA NA NA NA NA NA NA NA NA NA NA NA NA NA NA NA NA NA NA NA NA NA NA NA NA NA NA NA NA NA NA NA NA NA NA NA NA NA NA NA NA NA NA NA NA NA NA NA NA NA NA NA NA NA NA NA NA NA NA NA NA NA NA NA NA NA NA NA NA NA 48.5 48 48 48 48 48 48 48 48 47.5 47.25 47 47 46.5 46.75 46 45.75 45.5 45.25 45.5 45 45 44.25 44 43.5 43.25 42.25 41.75 41.75 41 41.5 41.5 41 41.5 41 41 41 41.5 41.75 41.5 41.5 41 NA NA NA NA NA NA NA NA NA NA NA NA NA NA NA NA NA NA NA NA NA NA NA NA NA NA NA NA 39 38.25 38 38.25 38 37.5 37 38 37 37 37 37 37.25 37.75 37.75 36.75 36.5 36.25 36.75 37 37 36.75 36.5 36.25 36.75 37 36 36 36 36 36.25 36 36 36 36 36 36 36 35 35.25 36 36 36 35.25 35 35 35 35 35 35 35 35 34.25 34.5 34 34.25 35 35.25 35.75 35.25 35 35 34 34 34 34 34 34 34.25 34.75 34.75 34 33 33 33 33.5 33.75 33 33.75 33.75 33 32.75 32.25 32.25 32.25 32.5 32 32 32 32 32 31.5 31.5 31.25 31.75 32 32 31.75 31 31 30.75 30.25 30 30 30.5 31 31 NA NA NA NA 
NA NA NA NA NA NA NA NA NA NA NA NA NA NA NA NA NA NA NA NA NA NA NA NA NA NA NA NA NA NA NA NA NA NA NA NA NA NA NA NA NA NA NA NA NA NA NA NA NA NA NA NA NA NA NA NA NA NA NA NA NA NA NA NA NA NA NA NA NA NA 49 49 48.75 48.25 48 48 48 48 48 48 48 47.75 47.25 46.75 46.75 46.5 46.25 46.25 46 46 46 45.25 44.75 44.25 43.75 43 43 42.75 42 41.75 41.5 42 42 42 42.25 42.25 42 42 42.5 42.25 42.33333 NA NA NA NA NA NA NA NA NA NA NA NA NA NA NA NA NA NA NA NA NA NA NA NA NA NA NA NA NA 39.25 38 38.25 37.75 37.25 37.5 37.5 38 37.25 37.25 37 37.5 38 38 38 38 37.5 37.25 37 36.75 36 36.5 36.5 36.25 36.5 36.75 37 36 36 36 36 36 36 36 36 36 36 36 35 35.5 36 36 36 35 35 35 35 35 35 35 35 35 35 35 34.5 34 35 35 35.25 36 35 34.75 34 34 34 34 34.25 34.25 33.75 33.75 34.25 34.75 33.75 33.75 33 33 33 33 33.5 34 34 33.25 33 32.5 32 32.25 32.5 32 32 32 32 31.75 31 31.25 31 31 31.75 32 31 31 31 31 30.75 30 30 30 NA NA NA NA NA 
NA NA NA NA NA NA NA NA NA NA NA NA NA NA NA NA NA NA NA NA NA NA NA NA NA NA NA NA NA NA NA NA NA NA NA NA NA NA NA NA NA NA NA NA NA NA NA NA NA NA NA NA NA NA NA NA NA NA NA NA NA NA NA NA NA NA NA NA NA NA NA 49.33333 49.25 49 48.25 48.5 48.5 48 48 48 48 48 47.75 47.25 46.75 46 46.5 46 46 46 46 46 45 44 44 44 43.25 42.5 42 42 42.25 42.5 42.25 42.75 42.75 42.75 42.75 42.25 42 42.5 42.5 NA NA NA NA NA NA NA NA NA NA NA NA NA NA NA NA NA NA NA NA NA NA NA NA NA NA NA NA NA 39.5 39 38.75 38.75 38.25 37.25 38 38 38 37.5 37 37.5 37.5 37.5 37 37.5 37.75 38 38 37.5 37 37 37 36.5 36.5 36 36.25 36 36 36 36 36 36 36 36 36 36 36 35.5 35.5 36 36 36 36 35.5 35 35 35 35 35 35 35 35 35 34.25 34 35 35 35.5 35.75 35 34.75 34.25 34 34 34 34.5 34 33.5 34 33.75 33.25 33.75 34 33.25 33 33 33 33 33.5 34 34 33.75 33 32.5 32 32.75 32.25 31.75 31.75 31.75 31.5 31 31 31 31 31 31 31 31 30.75 31 31 30.75 30 NA NA NA NA NA NA 
NA NA NA NA NA NA NA NA NA NA NA NA NA NA NA NA NA NA NA NA NA NA NA NA NA NA NA NA NA NA NA NA NA NA NA NA NA NA NA NA NA NA NA NA NA NA NA NA NA NA NA NA NA NA NA NA NA NA NA NA NA NA NA NA NA NA NA NA NA NA NA NA 49.5 49 49 49 49 48.5 48 48.25 48 48 48 47.5 46.75 47 46.75 46.75 46.75 46 46 46 46 45 44.5 44.25 43.5 42.75 42.5 42.25 42.25 42.25 42.25 42.25 42.5 42.25 42.5 42.75 43 42.75 42 NA NA NA NA NA NA NA NA NA NA NA NA NA NA NA NA NA NA NA NA NA NA NA NA NA NA NA NA NA 40 39 39 39 39.25 38.5 38.25 38 37.75 37.25 37.5 37.25 37.5 37.25 37 37.75 37.25 37.25 38 38 37.5 37 37 37 36.25 36 36 36 36 36 36 36 36 36 36 36 36 36 36 36 36 36 36 36 35.5 35 35 35 35 35 35 35 35 34.5 35 34.75 35.5 35.75 35.75 35.25 35.5 36 34.75 34 34 34 34 34 33.5 34 33.25 33.5 33 33.5 33 33 33.25 33.25 33 33 33.5 33.75 33.75 33 33 32.75 32 32.5 32.25 31.75 31.5 32 31.25 31 31 31 31 30.5 30.5 30.5 30 30.5 30.5 30.5 31 NA NA NA NA NA NA 
NA NA NA NA NA NA NA NA NA NA NA NA NA NA NA NA NA NA NA NA NA NA NA NA NA NA NA NA NA NA NA NA NA NA NA NA NA NA NA NA NA NA NA NA NA NA NA NA NA NA NA NA NA NA NA NA NA NA NA NA NA NA NA NA NA NA NA NA NA NA NA NA NA NA 50 50 49.75 49 49 49 48.25 48.5 48 48.25 47.25 47 47 47 46.25 46 46 46 46 45.75 45.25 45 44 43.5 43.25 42.75 43.5 43.75 43.75 43 43.25 43.5 43 43 43 43 NA NA NA NA NA NA NA NA NA NA NA NA NA NA NA NA NA NA NA NA NA NA NA NA NA NA NA NA NA NA NA 39.75 40 NA NA 39.25 38.5 38 38 37.25 37.25 37.75 38 38 38 38 38 37.75 38 38.25 38.25 37.75 37.75 37 37 36.5 36.5 36.25 36.5 36.25 36 36 36 36 36 36 36 36 36 36 36 36 36 36 35.5 35.25 35.5 35 35 35 35 35 35 35 34.25 34.75 35.5 35.25 35 35 35 35.25 34.75 34.25 34.25 34.25 33.5 33 33.25 33.25 33 33 33.25 33 33.25 33.5 33.5 33 33.25 33 33.25 34 34 34 33.25 33.5 32.25 31.75 32 31.75 31.25 32 31.75 31 30.5 30 30.5 30 30 29.5 29.75 30 30 NA NA NA NA NA NA NA NA 
NA NA NA NA NA NA NA NA NA NA NA NA NA NA NA NA NA NA NA NA NA NA NA NA NA NA NA NA NA NA NA NA NA NA NA NA NA NA NA NA NA NA NA NA NA NA NA NA NA NA NA NA NA NA NA NA NA NA NA NA NA NA NA NA NA NA NA NA NA NA NA NA NA NA 50 50.25 50 50 49.25 48.5 48.75 49 48.25 48 47.75 47 47 47 46.25 46 46 46 46 46 46 45.25 43.5 43.25 44 43.75 43.5 43.75 43.5 43 43 43.5 NA NA NA NA NA NA NA NA NA NA NA NA NA NA NA NA NA NA NA NA NA NA NA NA NA NA NA NA NA NA NA NA NA NA NA NA NA NA NA 39 39.25 39 38 37.5 37.5 38 37.75 37.75 38 38 38 38.25 38.5 38.5 39 38.75 38 37 37 37 37 37 37 37 36.5 36 36 36 36 36 36 36 36 36 36 36 36 36 36 36 35.25 35 35 35 35 35 35 35 35 35 35 35 35 35 35 34.75 34.5 34.75 34 34.25 34.25 33.25 33 33 33.5 33.75 34 33.5 34 33 33.25 33.5 34 33.25 33 33.75 34 33.5 33.25 33.75 33 31.5 31 31 31.5 32 32 31 31 30.75 30 30.25 30.5 29.5 29.5 29.5 NA NA NA NA NA NA NA NA NA 
NA NA NA NA NA NA NA NA NA NA NA NA NA NA NA NA NA NA NA NA NA NA NA NA NA NA NA NA NA NA NA NA NA NA NA NA NA NA NA NA NA NA NA NA NA NA NA NA NA NA NA NA NA NA NA NA NA NA NA NA NA NA NA NA NA NA NA NA NA NA NA NA NA NA NA NA 51 50.5 49.5 49.5 48.5 48.25 48 48 48 48 47.5 47 47 47 46.5 46.5 46 46 46 46.5 44.5 43.25 43.75 43.5 43.25 43.5 43 43.5 44 NA NA NA NA NA NA NA NA NA NA NA NA NA NA NA NA NA NA NA NA NA NA NA NA NA NA NA NA NA NA NA NA NA NA NA NA NA NA NA NA 39.5 39.25 38.75 38 38 37.75 37 37.25 37.5 37.5 38 38.25 39 39 38 37.5 38.25 38 37.5 37 37 37 37 37 36.75 36.25 36.25 36.5 36 36 36 36 36 36 36 36 36 36 36 36 35.75 35.5 35.25 35 35 35 35 35 35 34.75 34.5 35 35 35 35 35 34.5 34 34 34 34 33.75 33.75 34.25 34 33.75 34 34.5 34 34.5 34 33.5 33 33 33.25 33 33 33.75 33.75 32.75 33 34 32.75 31.25 31.25 31.75 32 32 31.75 31.25 31 30.75 30 30.5 NA NA NA NA NA NA NA NA NA NA NA NA 
NA NA NA NA NA NA NA NA NA NA NA NA NA NA NA NA NA NA NA NA NA NA NA NA NA NA NA NA NA NA NA NA NA NA NA NA NA NA NA NA NA NA NA NA NA NA NA NA NA NA NA NA NA NA NA NA NA NA NA NA NA NA NA NA NA NA NA NA NA NA NA NA NA NA NA NA NA NA 50.5 NA NA NA 48.5 48.5 47.75 48 48 47.25 47 47 47 46.75 46 46.5 46.75 46.75 44.5 43.5 43.25 43.25 43.5 43.33333 NA 43 NA NA NA NA NA NA NA NA NA NA NA NA NA NA NA NA NA NA NA NA NA NA NA NA NA NA NA NA NA NA NA NA NA NA NA NA NA NA NA NA NA 39 39 39 38 38.75 38 38 38.5 37.75 38 38 38 38.25 38.75 38.5 37.5 37 37.25 37.75 37.25 37 37 37 37 36.75 36.75 37 37 36.5 36.5 36.75 36.5 36.25 36 36 36 36 36 36 36 36 35.5 35 35 35 35 35 35 35 35 35 35 35 35 34.5 34.5 34.25 34.25 34.5 34 34.25 33.75 33.5 33.25 33.25 34 34 34 34 34 34.75 34.5 33.75 33.25 33 33 32.75 33 33.5 33.75 32.5 32.5 32 31.75 31.25 31 31 32 32 32 31.5 31.25 30.75 NA NA NA NA NA NA NA NA NA NA NA NA NA 
NA NA NA NA NA NA NA NA NA NA NA NA NA NA NA NA NA NA NA NA NA NA NA NA NA NA NA NA NA NA NA NA NA NA NA NA NA NA NA NA NA NA NA NA NA NA NA NA NA NA NA NA NA NA NA NA NA NA NA NA NA NA NA NA NA NA NA NA NA NA NA NA NA NA NA NA NA NA NA NA NA NA NA NA 49 48.5 48 47.75 47.25 47 47.25 47 46.75 47 47 46.5 44.5 45.5 45 44.25 44.75 NA NA NA NA NA NA NA NA NA NA NA NA NA NA NA NA NA NA NA NA NA NA NA NA NA NA NA NA NA NA NA NA NA NA NA NA NA NA NA NA NA NA NA NA 39.33333 39 39.25 39 39 39 38.5 38.75 38.25 38.25 38.5 38.5 38.75 38.25 38.5 37.75 37.75 37 37 37.75 37 37 37 37 37 37 37 37 37 37 37 36.25 36 36 36 36 36 36 36 36 36 36 35 35 35 35 35 35 35 35 35 35 35 35 35 34.75 35 34.75 34.75 34.5 34.25 34 34 33.25 33.75 34 34 33.5 33.5 33.75 34.5 34.75 35 34.25 33 34 33.25 33 33 33 33.5 32.5 31.5 32.25 32.75 31.75 31.25 31.75 32 32 31.75 31 31 NA NA NA NA NA NA NA NA NA NA NA NA NA 
NA NA NA NA NA NA NA NA NA NA NA NA NA NA NA NA NA NA NA NA NA NA NA NA NA NA NA NA NA NA NA NA NA NA NA NA NA NA NA NA NA NA NA NA NA NA NA NA NA NA NA NA NA NA NA NA NA NA NA NA NA NA NA NA NA NA NA NA NA NA NA NA NA NA NA NA NA NA NA NA NA NA NA NA NA NA NA 48.66667 48 47.75 47.25 47 47 46.5 46.5 46.5 45 46 46 45.75 45 NA NA NA NA NA NA NA NA NA NA NA NA NA NA NA NA NA NA NA NA NA NA NA NA NA NA NA NA NA NA NA NA NA NA NA NA NA NA NA NA NA NA NA NA NA 40 39.25 39 39 39.25 39.25 39 38.75 38 38.25 38 38 38.5 38.25 37.25 37 37.5 37.5 38 37 37 37 37 37 37 37 37 37 37 36.75 36 36 36 36 36 36 36 36 36 36 35.25 35 35 35 35 35 35 35 35 35 35.25 35 35 35.25 35 35.25 35 34.75 35.25 34.75 35 34.75 34.25 33 33.75 34 34 33 34 34 34 34.25 35 34.5 34.75 34.25 33.75 33 33 33 32.75 32 31.25 31.75 32.75 31.75 32 32.75 32 31.75 31 31 NA NA NA NA NA NA NA NA NA NA NA NA NA 
NA NA NA NA NA NA NA NA NA NA NA NA NA NA NA NA NA NA NA NA NA NA NA NA NA NA NA NA NA NA NA NA NA NA NA NA NA NA NA NA NA NA NA NA NA NA NA NA NA NA NA NA NA NA NA NA NA NA NA NA NA NA NA NA NA NA NA NA NA NA NA NA NA NA NA NA NA NA NA NA NA NA NA NA NA NA NA NA NA 48 47.5 47 47 47.5 47.25 47.25 45.5 46 46 46 46 NA NA NA NA NA NA NA NA NA NA NA NA NA NA NA NA NA NA NA NA NA NA NA NA NA NA NA NA NA NA NA NA NA NA NA NA NA NA NA NA NA NA NA NA NA NA 39 39 39 39.25 39.25 39.25 39 38 38 38 38.25 38.25 37.25 37 37.25 37 37.5 37.25 37.25 37 37 37 37 37 37 37 36.75 36.5 36 36.75 36.5 36.25 36 36.25 36.25 36 36 36 36 36 35.5 35.5 35.75 35.5 35.5 35.25 35 35 35 35.25 35 34.5 34.5 34.25 34.5 34.5 35.5 35.75 35.5 35.75 35 34.25 34 33 33.5 34 33.5 34 32.75 32.5 33 33.5 33.75 34.25 34.25 33.5 33.25 33 33 32.5 32.75 31.75 30.75 31.5 32.5 32 32.25 31.5 31.25 31 NA NA NA NA NA NA NA NA NA NA NA NA NA NA 
NA NA NA NA NA NA NA NA NA NA NA NA NA NA NA NA NA NA NA NA NA NA NA NA NA NA NA NA NA NA NA NA NA NA NA NA NA NA NA NA NA NA NA NA NA NA NA NA NA NA NA NA NA NA NA NA NA NA NA NA NA NA NA NA NA NA NA NA NA NA NA NA NA NA NA NA NA NA NA NA NA NA NA NA NA NA NA NA NA NA NA NA 47.5 48 47.75 48 46.25 46.5 47 46.75 46.5 47 NA NA NA NA NA NA NA NA NA NA NA NA NA NA NA NA NA NA NA NA NA NA NA NA NA NA NA NA NA NA NA NA NA NA NA NA NA NA NA NA NA NA NA NA NA NA 40 NA 40 40 39 38.25 38 38 38 38 38 37.75 37.25 37.75 37 37 36.75 37 37 36.75 36.5 36 36 36.5 37 36 36.25 36.25 36.25 37 36.5 37 36.75 36.5 36 36 36 36 36 36 36 36 36 36 35.75 35 35 35 34 34.25 34.5 35 34 34 34 34.75 35.25 35 36 35.5 35 34 33 32.75 33 33.5 33.75 33.75 33 33 32.5 32.25 33.25 33.75 33.25 33.5 32.5 33 32.5 32.75 32.5 31.5 30.75 31.75 32 31.75 31 31 NA NA NA NA NA NA NA NA NA NA NA NA NA NA NA 
NA NA NA NA NA NA NA NA NA NA NA NA NA NA NA NA NA NA NA NA NA NA NA NA NA NA NA NA NA NA NA NA NA NA NA NA NA NA NA NA NA NA NA NA NA NA NA NA NA NA NA NA NA NA NA NA NA NA NA NA NA NA NA NA NA NA NA NA NA NA NA NA NA NA NA NA NA NA NA NA NA NA NA NA NA NA NA NA NA NA NA NA 48 48 48.25 48 47.5 47.5 47.25 47 47.5 47.5 47 NA NA NA NA NA NA NA NA NA NA NA NA NA NA NA NA NA NA NA NA NA NA NA NA NA NA NA NA NA NA NA NA NA NA NA NA NA NA NA NA NA NA NA NA NA NA NA NA NA 39 38.75 38.5 38.5 38.5 38 38 37.25 38 37 37.25 37 36.75 36.25 37 36 36 36 36 37 37 37 37 36.5 36 37 36.75 36.75 36.5 36.25 36 36 36 36 36 35.75 36 36 35.75 35.75 35 35.5 35 34.75 34 34.5 34.5 34.25 34.75 34 34 34.25 35.5 36 35.5 34.25 33.5 33.25 33.5 33.25 33.25 33.5 33 33.75 34.25 34 34 33.5 33.5 34 34 34 33 33.66667 NA NA NA 32 31 31.25 32 32 NA 31.5 NA NA NA NA NA NA NA NA NA NA NA NA NA NA NA 
NA NA NA NA NA NA NA NA NA NA NA NA NA NA NA NA NA NA NA NA NA NA NA NA NA NA NA NA NA NA NA NA NA NA NA NA NA NA NA NA NA NA NA NA NA NA NA NA NA NA NA NA NA NA NA NA NA NA NA NA NA NA NA NA NA NA NA NA NA NA NA NA NA NA NA NA NA NA NA NA NA NA NA NA NA NA NA NA NA NA NA 48.5 48.75 48.75 49 48.75 48.25 48.75 48.25 47.75 48 NA NA NA NA NA NA NA NA NA NA NA NA NA NA NA NA NA NA NA NA NA NA NA NA NA NA NA NA NA NA NA NA NA NA NA NA NA NA NA NA NA NA NA NA NA NA NA NA NA NA NA NA NA NA NA NA 38.75 37.75 37.25 37.5 37.25 37 37 37 37 36 36.75 37 36.75 36 37.5 37 37 37 36.75 36 37 37 36.5 36.25 36 36 36 35.75 35.25 35.25 35.25 35.25 35.75 36 35.75 35 35.75 35 35 34 33.5 33.25 33.5 34 34 34 35.25 35.25 35 36 34.5 34 34.75 34.5 33.75 34.5 34.5 33.25 33.25 33.25 33 33.25 33 33 33.75 NA NA NA NA NA NA NA NA NA NA NA NA NA NA NA NA NA NA NA NA NA NA NA NA NA NA NA NA NA 
NA NA NA NA NA NA NA NA NA NA NA NA NA NA NA NA NA NA NA NA NA NA NA NA NA NA NA NA NA NA NA NA NA NA NA NA NA NA NA NA NA NA NA NA NA NA NA NA NA NA NA NA NA NA NA NA NA NA NA NA NA NA NA NA NA NA NA NA NA NA NA NA NA NA NA NA NA NA NA NA NA NA NA NA NA NA NA NA NA NA NA NA 50 50.5 50.5 50 49.25 49 49 NA NA NA NA NA NA NA NA NA NA NA NA NA NA NA NA NA NA NA NA NA NA NA NA NA NA NA NA NA NA NA NA NA NA NA NA NA NA NA NA NA NA NA NA NA NA NA NA NA NA NA NA NA NA NA NA NA NA 39 38 38 38 38 37.25 37 36.5 36.5 36 36.75 36.75 37 36.75 37.5 37.25 37.75 37.5 36 36 37 36.75 36.25 36 36 36 36 36 35.75 36 36.5 35.5 36 36 36 35.5 36 35.5 35 34 34 33.25 33 34 34.5 35 35 35 35 35.5 34.5 34.25 34.75 35.25 35 35 34.25 34.25 34 34.5 33.75 33.5 33.5 33.66667 NA NA NA NA NA NA NA NA NA NA NA NA NA NA NA NA NA NA NA NA NA NA NA NA NA NA NA NA NA NA 
NA NA NA NA NA NA NA NA NA NA NA NA NA NA NA NA NA NA NA NA NA NA NA NA NA NA NA NA NA NA NA NA NA NA NA NA NA NA NA NA NA NA NA NA NA NA NA NA NA NA NA NA NA NA NA NA NA NA NA NA NA NA NA NA NA NA NA NA NA NA NA NA NA NA NA NA NA NA NA NA NA NA NA NA NA NA NA NA NA NA NA NA NA NA NA NA NA NA NA NA NA NA NA NA NA NA NA NA NA NA NA NA NA NA NA NA NA NA NA NA NA NA NA NA NA NA NA NA NA NA NA NA NA NA NA NA NA NA NA NA NA NA NA NA NA NA NA NA NA NA NA NA NA NA NA NA 39 38.75 38 38 38 38 37.75 37.5 37.25 36.5 36.25 36.5 36.5 36.75 37 38 37.5 37 37 36.75 36 36.5 36.5 36.5 36 36.25 36 36 36.25 36.5 35.75 36.75 36 36.5 36.5 35.25 35.75 36.25 36 35 34.75 34 33.25 33 33.5 33.75 34.25 35 35 35 35.75 35.5 34.75 35.5 35.75 36 36 35.5 34.75 34.25 34.5 34.5 34.33333 34.5 NA NA NA NA NA NA NA NA NA NA NA NA NA NA NA NA NA NA NA NA NA NA NA NA NA NA NA NA NA NA NA 
NA NA NA NA NA NA NA NA NA NA NA NA NA NA NA NA NA NA NA NA NA NA NA NA NA NA NA NA NA NA NA NA NA NA NA NA NA NA NA NA NA NA NA NA NA NA NA NA NA NA NA NA NA NA NA NA NA NA NA NA NA NA NA NA NA NA NA NA NA NA NA NA NA NA NA NA NA NA NA NA NA NA NA NA NA NA NA NA NA NA NA NA NA NA NA NA NA NA NA NA NA NA NA NA NA NA NA NA NA NA NA NA NA NA NA NA NA NA NA NA NA NA NA NA NA NA NA NA NA NA NA NA NA NA NA NA NA NA NA NA NA NA NA NA NA NA NA NA NA NA NA NA NA NA NA NA 39 38.25 38 38.25 38 37.5 37.5 37.75 37.75 36.5 36.25 37 37 37 37 37.25 37 37.5 37 37 36.5 36.5 37 36.25 36.25 36.5 36 36.25 37 36.5 36.5 36.75 36 37 36.25 35.75 35.5 36.5 35.75 35 34.5 33.25 33 33.5 34 34.25 34.25 35.5 35.75 35 35.75 36 35 35.5 36 36 36.25 36 35 34 34.75 34.5 NA NA NA NA NA NA NA NA NA NA NA NA NA NA NA NA NA NA NA NA NA NA NA NA NA NA NA NA NA NA NA NA NA 
NA NA NA NA NA NA NA NA NA NA NA NA NA NA NA NA NA NA NA NA NA NA NA NA NA NA NA NA NA NA NA NA NA NA NA NA NA NA NA NA NA NA NA NA NA NA NA NA NA NA NA NA NA NA NA NA NA NA NA NA NA NA NA NA NA NA NA NA NA NA NA NA NA NA NA NA NA NA NA NA NA NA NA NA NA NA NA NA NA NA NA NA NA NA NA NA NA NA NA NA NA NA NA NA NA NA NA NA NA NA NA NA NA NA NA NA NA NA NA NA NA NA NA NA NA NA NA NA NA NA NA NA NA NA NA NA NA NA NA NA NA NA NA NA NA NA NA NA NA NA NA NA NA NA NA 39.5 38.75 38 37.75 37.75 38 38 37.75 37.25 37.25 37 37.25 37 37.5 37.5 37.5 37.5 37 37 37 37 36.5 36.5 36.75 36 36.25 36.75 37 37.25 37.5 36.75 37.25 37.75 36.75 37 36.75 36 36 36.5 35.5 34.25 32.75 32.75 33.75 34.5 35 35 35 35.5 36 35.75 36.25 36.5 35.75 36.25 35.75 36 36 36.25 34.75 34 34 34 NA NA NA NA NA NA NA NA NA NA NA NA NA NA NA NA NA NA NA NA NA NA NA NA NA NA NA NA NA NA NA NA NA 
NA NA NA NA NA NA NA NA NA NA NA NA NA NA NA NA NA NA NA NA NA NA NA NA NA NA NA NA NA NA NA NA NA NA NA NA NA NA NA NA NA NA NA NA NA NA NA NA NA NA NA NA NA NA NA NA NA NA NA NA NA NA NA NA NA NA NA NA NA NA NA NA NA NA NA NA NA NA NA NA NA NA NA NA NA NA NA NA NA NA NA NA NA NA NA NA NA NA NA NA NA NA NA NA NA NA NA NA NA NA NA NA NA NA NA NA NA NA NA NA NA NA NA NA NA NA NA NA NA NA NA NA NA NA NA NA NA NA NA NA NA NA NA NA NA NA NA NA NA NA NA NA NA NA NA 40 38.75 38 38 38.25 38 38 37.5 37.25 37.25 37 36.75 37 37 37 37.5 38 37.75 37 37 37 36.25 37 37 36.5 36 36.5 36.75 37.75 38 37.5 37.25 38 38 37 36.5 35.5 35.75 35.75 35 34.25 33 34.25 34.75 34.25 35 35.5 35.5 36 36 36 36.5 36.75 36 36.75 36 36.75 36.5 36 35 34 34 34 34 NA NA NA NA NA NA NA NA NA NA NA NA NA NA NA NA NA NA NA NA NA NA NA NA NA NA NA NA NA NA NA NA 
NA NA NA NA NA NA NA NA NA NA NA NA NA NA NA NA NA NA NA NA NA NA NA NA NA NA NA NA NA NA NA NA NA NA NA NA NA NA NA NA NA NA NA NA NA NA NA NA NA NA NA NA NA NA NA NA NA NA NA NA NA NA NA NA NA NA NA NA NA NA NA NA NA NA NA NA NA NA NA NA NA NA NA NA NA NA NA NA NA NA NA NA NA NA NA NA NA NA NA NA NA NA NA NA NA NA NA NA NA NA NA NA NA NA NA NA NA NA NA NA NA NA NA NA NA NA NA NA NA NA NA NA NA NA NA NA NA NA NA NA NA NA NA NA NA NA NA NA NA NA NA NA NA NA NA 39.33333 38.75 38 38 38 37.75 37.5 37.25 37.75 38 37.25 37.25 36.75 36.75 37 37 38 38 37.25 37.75 37.25 36.75 37 37 36.25 36.25 37 37.25 37.5 37.25 38 37.75 38 38 37 36.25 35.75 35 35.25 35 35 33.5 33.75 34 35 35 35.25 35.75 35.75 36 36 37 37 36.25 36.25 36.25 36 36 35.25 35 34.25 34.5 34 34.25 NA NA NA NA NA NA NA NA NA NA NA NA NA NA NA NA NA NA NA NA NA NA NA NA NA NA NA NA NA NA NA NA 
NA NA NA NA NA NA NA NA NA NA NA NA NA NA NA NA NA NA NA NA NA NA NA NA NA NA NA NA NA NA NA NA NA NA NA NA NA NA NA NA NA NA NA NA NA NA NA NA NA NA NA NA NA NA NA NA NA NA NA NA NA NA NA NA NA NA NA NA NA NA NA NA NA NA NA NA NA NA NA NA NA NA NA NA NA NA NA NA NA NA NA NA NA NA NA NA NA NA NA NA NA NA NA NA NA NA NA NA NA NA NA NA NA NA NA NA NA NA NA NA NA NA NA NA NA NA NA NA NA NA NA NA NA NA NA NA NA NA NA NA NA NA NA NA NA NA NA NA NA NA NA NA NA NA NA 39.5 39 39 38.75 38.33333 38.25 37.75 37.25 37.25 38 37.75 37.25 37 37 37 37 37.5 38 38 38 37.25 37.75 37.75 37 36.5 36.5 37 37 37 37 37.25 38 37.75 37.5 37.5 36.5 36.25 35.25 35 35 34.75 34.5 35 35 35 35.5 35.5 35 35.75 35.75 36 36.75 37 37 36.25 36 36 36 35.5 34.75 34.75 35 34 34 34.5 35 NA NA NA NA NA NA NA NA NA NA NA NA NA NA NA NA NA NA NA NA NA NA NA NA NA NA NA NA NA NA 
NA NA NA NA NA NA NA NA NA NA NA NA NA NA NA NA NA NA NA NA NA NA NA NA NA NA NA NA NA NA NA NA NA NA NA NA NA NA NA NA NA NA NA NA NA NA NA NA NA NA NA NA NA NA NA NA NA NA NA NA NA NA NA NA NA NA NA NA NA NA NA NA NA NA NA NA NA NA NA NA NA NA NA NA NA NA NA NA NA NA NA NA NA NA NA NA NA NA NA NA NA NA NA NA NA NA NA NA NA NA NA NA NA NA NA NA NA NA NA NA NA NA NA NA NA NA NA NA NA NA NA NA NA NA NA NA NA NA NA NA NA NA NA NA NA NA NA NA NA NA NA NA NA NA NA NA NA NA NA NA NA 38.5 38 38.33333 39 38.5 37.75 37.75 37.75 37.25 37 37.25 38 38 37.75 38 38 37.25 37.25 37 37 37 37 37 37 37.5 37.25 37 37 37.25 36.75 36 36 35.25 35 35.75 35 34.75 34.5 34.75 35 35 35.75 35.5 35.25 35 36 37 37 36.75 36 36 36 36 35 35 35 34.5 34.25 34.25 34.75 NA NA NA NA NA NA NA NA NA NA NA NA NA NA NA NA NA NA NA NA NA NA NA NA NA NA NA NA NA NA 
NA NA NA NA NA NA NA NA NA NA NA NA NA NA NA NA NA NA NA NA NA NA NA NA NA NA NA NA NA NA NA NA NA NA NA NA NA NA NA NA NA NA NA NA NA NA NA NA NA NA NA NA NA NA NA NA NA NA NA NA NA NA NA NA NA NA NA NA NA NA NA NA NA NA NA NA NA NA NA NA NA NA NA NA NA NA NA NA NA NA NA NA NA NA NA NA NA NA NA NA NA NA NA NA NA NA NA NA NA NA NA NA NA NA NA NA NA NA NA NA NA NA NA NA NA NA NA NA NA NA NA NA NA NA NA NA NA NA NA NA NA NA NA NA NA NA NA NA NA NA NA NA NA NA NA NA NA NA NA NA NA NA NA NA NA NA 39 38 38 37.75 37 37.25 38 38 38 38 38 38 37.75 37.5 37 37 37 37 37 37 37.5 36.75 36.5 36.5 36.5 36 36 35.5 35 35.25 35 35 35 34.75 34.5 35 35 35.5 35.5 36 36 36.75 36.5 37 36 36 36 36 36 35 35 35 34.5 34.66667 NA NA NA NA NA NA NA NA NA NA NA NA NA NA NA NA NA NA NA NA NA NA NA NA NA NA NA NA NA NA NA 
NA NA NA NA NA NA NA NA NA NA NA NA NA NA NA NA NA NA NA NA NA NA NA NA NA NA NA NA NA NA NA NA NA NA NA NA NA NA NA NA NA NA NA NA NA NA NA NA NA NA NA NA NA NA NA NA NA NA NA NA NA NA NA NA NA NA NA NA NA NA NA NA NA NA NA NA NA NA NA NA NA NA NA NA NA NA NA NA NA NA NA NA NA NA NA NA NA NA NA NA NA NA NA NA NA NA NA NA NA NA NA NA NA NA NA NA NA NA NA NA NA NA NA NA NA NA NA NA NA NA NA NA NA NA NA NA NA NA NA NA NA NA NA NA NA NA NA NA NA NA NA NA NA NA NA NA NA NA NA NA NA NA NA NA NA NA 39 38.5 38 38 37.5 38 38.5 38 38.5 38 38.5 38 38 38 37 37 37 37 37 37 37.5 37 36.5 36.25 36.25 36 36 35.75 35.25 35.5 35 35 35 35 34.25 34.5 35 34.5 34.5 35.25 35.25 36 35.75 36.25 36 36 36 36 36.25 36.5 36 36 36 35.5 NA NA NA NA NA NA NA NA NA NA NA NA NA NA NA NA NA NA NA NA NA NA NA NA NA NA NA NA NA NA NA 
NA NA NA NA NA NA NA NA NA NA NA NA NA NA NA NA NA NA NA NA NA NA NA NA NA NA NA NA NA NA NA NA NA NA NA NA NA NA NA NA NA NA NA NA NA NA NA NA NA NA NA NA NA NA NA NA NA NA NA NA NA NA NA NA NA NA NA NA NA NA NA NA NA NA NA NA NA NA NA NA NA NA NA NA NA NA NA NA NA NA NA NA NA NA NA NA NA NA NA NA NA NA NA NA NA NA NA NA NA NA NA NA NA NA NA NA NA NA NA NA NA NA NA NA NA NA NA NA NA NA NA NA NA NA NA NA NA NA NA NA NA NA NA NA NA NA NA NA NA NA NA NA NA NA NA NA NA NA NA NA NA NA NA NA NA NA NA NA NA 38 38 39 NA NA NA NA NA 38 37.5 37.25 37 37 37 37 37 37 37 37 37 36.75 36 36 36 36 35.75 35.75 35 35 35 35 35 34.25 34.25 34.5 35 35.25 34.75 35.25 36 36.75 37 36.25 36 37 37 36.75 36.75 36.5 37 NA NA NA NA NA NA NA NA NA NA NA NA NA NA NA NA NA NA NA NA NA NA NA NA NA NA NA NA NA NA NA NA 
NA NA NA NA NA NA NA NA NA NA NA NA NA NA NA NA NA NA NA NA NA NA NA NA NA NA NA NA NA NA NA NA NA NA NA NA NA NA NA NA NA NA NA NA NA NA NA NA NA NA NA NA NA NA NA NA NA NA NA NA NA NA NA NA NA NA NA NA NA NA NA NA NA NA NA NA NA NA NA NA NA NA NA NA NA NA NA NA NA NA NA NA NA NA NA NA NA NA NA NA NA NA NA NA NA NA NA NA NA NA NA NA NA NA NA NA NA NA NA NA NA NA NA NA NA NA NA NA NA NA NA NA NA NA NA NA NA NA NA NA NA NA NA NA NA NA NA NA NA NA NA NA NA NA NA NA NA NA NA NA NA NA NA NA NA NA NA NA NA NA 38.5 NA NA NA NA NA NA NA 38 37.75 37 37.5 37 37 37 37 37 36.5 36.5 36.5 36.75 36 36 36 36 36 35 35.25 35 35 34 34.75 35.5 35.25 35.75 36.5 36.25 35.75 35.5 36.5 36.75 36.25 36.5 37 37 36.75 36.75 37 36.5 NA NA NA NA NA NA NA NA NA NA NA NA NA NA NA NA NA NA NA NA NA NA NA NA NA NA NA NA NA NA NA NA 
NA NA NA NA NA NA NA NA NA NA NA NA NA NA NA NA NA NA NA NA NA NA NA NA NA NA NA NA NA NA NA NA NA NA NA NA NA NA NA NA NA NA NA NA NA NA NA NA NA NA NA NA NA NA NA NA NA NA NA NA NA NA NA NA NA NA NA NA NA NA NA NA NA NA NA NA NA NA NA NA NA NA NA NA NA NA NA NA NA NA NA NA NA NA NA NA NA NA NA NA NA NA NA NA NA NA NA NA NA NA NA NA NA NA NA NA NA NA NA NA NA NA NA NA NA NA NA NA NA NA NA NA NA NA NA NA NA NA NA NA NA NA NA NA NA NA NA NA NA NA NA NA NA NA NA NA NA NA NA NA NA NA NA NA NA NA NA NA NA NA NA NA NA NA NA NA NA NA 39 38.75 38.5 38 37.5 37 37.25 37.75 37.25 36.25 36 36 36 36.25 36 35.75 36 36 35 35 35.5 35.5 35.5 35.25 35.5 36.75 36.5 36.75 37.25 36.75 36 36.25 37.25 37 37 36.5 36.5 36.5 36.75 36.25 37 NA NA NA NA NA NA NA NA NA NA NA NA NA NA NA NA NA NA NA NA NA NA NA NA NA NA NA NA NA NA NA NA 
NA NA NA NA NA NA NA NA NA NA NA NA NA NA NA NA NA NA NA NA NA NA NA NA NA NA NA NA NA NA NA NA NA NA NA NA NA NA NA NA NA NA NA NA NA NA NA NA NA NA NA NA NA NA NA NA NA NA NA NA NA NA NA NA NA NA NA NA NA NA NA NA NA NA NA NA NA NA NA NA NA NA NA NA NA NA NA NA NA NA NA NA NA NA NA NA NA NA NA NA NA NA NA NA NA NA NA NA NA NA NA NA NA NA NA NA NA NA NA NA NA NA NA NA NA NA NA NA NA NA NA NA NA NA NA NA NA NA NA NA NA NA NA NA NA NA NA NA NA NA NA NA NA NA NA NA NA NA NA NA NA NA NA NA NA NA NA NA NA NA NA NA NA NA NA NA 38 39 39 39 39 38.25 37.5 37 37 38 37.5 37.25 37 36.5 36 36 35.75 35.75 36 36 35 35 35.25 36 36.75 36.75 35.5 36.75 37.75 37.25 37.75 37.5 36.5 36 37.25 37.5 37.25 36.5 36 36.25 36 36.5 37 NA NA NA NA NA NA NA NA NA NA NA NA NA NA NA NA NA NA NA NA NA NA NA NA NA NA NA NA NA NA NA NA 
NA NA NA NA NA NA NA NA NA NA NA NA NA NA NA NA NA NA NA NA NA NA NA NA NA NA NA NA NA NA NA NA NA NA NA NA NA NA NA NA NA NA NA NA NA NA NA NA NA NA NA NA NA NA NA NA NA NA NA NA NA NA NA NA NA NA NA NA NA NA NA NA NA NA NA NA NA NA NA NA NA NA NA NA NA NA NA NA NA NA NA NA NA NA NA NA NA NA NA NA NA NA NA NA NA NA NA NA NA NA NA NA NA NA NA NA NA NA NA NA NA NA NA NA NA NA NA NA NA NA NA NA NA NA NA NA NA NA NA NA NA NA NA NA NA NA NA NA NA NA NA NA NA NA NA NA NA NA NA NA NA NA NA NA NA NA NA NA NA NA NA NA NA NA NA NA 39 38.5 38.25 38 38.5 38.75 37.75 37.25 37.5 37.75 36.75 36.5 36.25 36.75 36 35.25 35 36 36 36 35.5 36 36.5 35.75 36.25 36.75 37 36.5 36.5 37 37.25 38 37 37.5 37.25 37 37 37 36.5 36.5 36.5 37 NA NA NA NA NA NA NA NA NA NA NA NA NA NA NA NA NA NA NA NA NA NA NA NA NA NA NA NA NA NA NA NA NA 
NA NA NA NA NA NA NA NA NA NA NA NA NA NA NA NA NA NA NA NA NA NA NA NA NA NA NA NA NA NA NA NA NA NA NA NA NA NA NA NA NA NA NA NA NA NA NA NA NA NA NA NA NA NA NA NA NA NA NA NA NA NA NA NA NA NA NA NA NA NA NA NA NA NA NA NA NA NA NA NA NA NA NA NA NA NA NA NA NA NA NA NA NA NA NA NA NA NA NA NA NA NA NA NA NA NA NA NA NA NA NA NA NA NA NA NA NA NA NA NA NA NA NA NA NA NA NA NA NA NA NA NA NA NA NA NA NA NA NA NA NA NA NA NA NA NA NA NA NA NA NA NA NA NA NA NA NA NA NA NA NA NA NA NA NA NA NA NA NA NA NA NA NA NA NA 38.75 38.25 38.25 38 38.25 38.25 38.75 38.5 37.75 38 37.75 36.5 36 36 36.25 36 35 35.5 36 36 36 36 36.5 36.75 37 36.25 37 37.5 38 37.25 37 37.5 38 38 38.25 38 37.25 37 37 37 36.5 36.5 36.75 NA NA NA NA NA NA NA NA NA NA NA NA NA NA NA NA NA NA NA NA NA NA NA NA NA NA NA NA NA NA NA NA NA 
NA NA NA NA NA NA NA NA NA NA NA NA NA NA NA NA NA NA NA NA NA NA NA NA NA NA NA NA NA NA NA NA NA NA NA NA NA NA NA NA NA NA NA NA NA NA NA NA NA NA NA NA NA NA NA NA NA NA NA NA NA NA NA NA NA NA NA NA NA NA NA NA NA NA NA NA NA NA NA NA NA NA NA NA NA NA NA NA NA NA NA NA NA NA NA NA NA NA NA NA NA NA NA NA NA NA NA NA NA NA NA NA NA NA NA NA NA NA NA NA NA NA NA NA NA NA NA NA NA NA NA NA NA NA NA NA NA NA NA NA NA NA NA NA NA NA NA NA NA NA NA NA NA NA NA NA NA NA NA NA NA NA NA NA NA NA NA NA NA NA NA NA NA NA NA NA 38 38 38.5 39 38.75 38.5 38 37.5 37 37.5 36.5 36 35.75 36 35.75 35.75 36 36 36 35.75 36 36.5 37.25 37.75 37.25 36.75 37 37 37.5 37.75 38.5 38 37.25 37 37 36.25 36.5 37.25 36.75 36.25 36 37 NA NA NA NA NA NA NA NA NA NA NA NA NA NA NA NA NA NA NA NA NA NA NA NA NA NA NA NA NA NA NA NA NA 
NA NA NA NA NA NA NA NA NA NA NA NA NA NA NA NA NA NA NA NA NA NA NA NA NA NA NA NA NA NA NA NA NA NA NA NA NA NA NA NA NA NA NA NA NA NA NA NA NA NA NA NA NA NA NA NA NA NA NA NA NA NA NA NA NA NA NA NA NA NA NA NA NA NA NA NA NA NA NA NA NA NA NA NA NA NA NA NA NA NA NA NA NA NA NA NA NA NA NA NA NA NA NA NA NA NA NA NA NA NA NA NA NA NA NA NA NA NA NA NA NA NA NA NA NA NA NA NA NA NA NA NA NA NA NA NA NA NA NA NA NA NA NA NA NA NA NA NA NA NA NA NA NA NA NA NA NA NA NA NA NA NA NA NA NA NA NA NA NA NA NA NA NA NA NA NA 37.75 38 38.25 38.75 37.75 37 37 36.5 36 36 36 36 36 36 36 36 36 36 36.75 36.5 35.25 35.5 36.25 36.75 37.25 38 37 37.5 38 38.25 38.5 37.75 37.5 38 37 36.5 35.5 36.75 35.75 36.5 36.75 37 36.5 NA NA NA NA NA NA NA NA NA NA NA NA NA NA NA NA NA NA NA NA NA NA NA NA NA NA NA NA NA NA NA NA 
NA NA NA NA NA NA NA NA NA NA NA NA NA NA NA NA NA NA NA NA NA NA NA NA NA NA NA NA NA NA NA NA NA NA NA NA NA NA NA NA NA NA NA NA NA NA NA NA NA NA NA NA NA NA NA NA NA NA NA NA NA NA NA NA NA NA NA NA NA NA NA NA NA NA NA NA NA NA NA NA NA NA NA NA NA NA NA NA NA NA NA NA NA NA NA NA NA NA NA NA NA NA NA NA NA NA NA NA NA NA NA NA NA NA NA NA NA NA NA NA NA NA NA NA NA NA NA NA NA NA NA NA NA NA NA NA NA NA NA NA NA NA NA NA NA NA NA NA NA NA NA NA NA NA NA NA NA NA NA NA NA NA NA NA NA NA NA NA NA NA NA NA NA 38 38 38 38 38 38 37.75 36.75 36.5 36.5 36.5 36.25 36 36 36 36 36 35.75 35.75 36.25 36.5 37 37 35.75 36.5 36.75 36.75 37.75 38 37.75 37.5 38 38 37.75 37.75 38 38.75 38.25 36.25 35.75 36 35.5 35.75 36 36.5 36 35.33333 NA NA NA NA NA NA NA NA NA NA NA NA NA NA NA NA NA NA NA NA NA NA NA NA NA NA NA NA NA NA NA 
NA NA NA NA NA NA NA NA NA NA NA NA NA NA NA NA NA NA NA NA NA NA NA NA NA NA NA NA NA NA NA NA NA NA NA NA NA NA NA NA NA NA NA NA NA NA NA NA NA NA NA NA NA NA NA NA NA NA NA NA NA NA NA NA NA NA NA NA NA NA NA NA NA NA NA NA NA NA NA NA NA NA NA NA NA NA NA NA NA NA NA NA NA NA NA NA NA NA NA NA NA NA NA NA NA NA NA NA NA NA NA NA NA NA NA NA NA NA NA NA NA NA NA NA NA NA NA NA NA NA NA NA NA NA NA NA NA NA NA NA NA NA NA NA NA NA NA NA NA NA NA NA NA NA NA NA NA NA NA NA NA NA NA NA NA NA NA NA NA NA NA NA NA 38 38 38 38 37.5 37.5 37.25 36.75 37 37 37 37 37 36.5 36 36 36 36.5 36.75 36.25 36.25 36.75 37.25 36.5 37 37.75 37.5 37 37.5 38.25 38.25 39 38.5 37.75 37 38 37.75 37.25 37 36.75 37.5 36.75 35.5 34.75 35 35.5 35 35 NA NA NA NA NA NA NA NA NA NA NA NA NA NA NA NA NA NA NA NA NA NA NA NA NA NA NA NA NA NA 
NA NA NA NA NA NA NA NA NA NA NA NA NA NA NA NA NA NA NA NA NA NA NA NA NA NA NA NA NA NA NA NA NA NA NA NA NA NA NA NA NA NA NA NA NA NA NA NA NA NA NA NA NA NA NA NA NA NA NA NA NA NA NA NA NA NA NA NA NA NA NA NA NA NA NA NA NA NA NA NA NA NA NA NA NA NA NA NA NA NA NA NA NA NA NA NA NA NA NA NA NA NA NA NA NA NA NA NA NA NA NA NA NA NA NA NA NA NA NA NA NA NA NA NA NA NA NA NA NA NA NA NA NA NA NA NA NA NA NA NA NA NA NA NA NA NA NA NA NA NA NA NA NA NA NA NA NA NA NA NA NA NA NA NA NA NA NA NA NA NA NA NA NA 38 38 38 37.75 37.5 37 37 37 37 37 37 37 37 37 36.75 36.25 36 36 36.25 37 36.5 36 36.5 36.25 37 37 37.25 37.75 38 37.5 38.75 38.25 37.75 37.5 37.25 38 37.25 36.25 37 36 37.25 36.5 36.5 36 35 35 35 35 35.5 36 NA NA NA NA NA NA NA NA NA NA NA NA NA NA NA NA NA NA NA NA NA NA NA NA NA NA NA NA 
NA NA NA NA NA NA NA NA NA NA NA NA NA NA NA NA NA NA NA NA NA NA NA NA NA NA NA NA NA NA NA NA NA NA NA NA NA NA NA NA NA NA NA NA NA NA NA NA NA NA NA NA NA NA NA NA NA NA NA NA NA NA NA NA NA NA NA NA NA NA NA NA NA NA NA NA NA NA NA NA NA NA NA NA NA NA NA NA NA NA NA NA NA NA NA NA NA NA NA NA NA NA NA NA NA NA NA NA NA NA NA NA NA NA NA NA NA NA NA NA NA NA NA NA NA NA NA NA NA NA NA NA NA NA NA NA NA NA NA NA NA NA NA NA NA NA NA NA NA NA NA NA NA NA NA NA NA NA NA NA NA NA NA NA NA NA NA NA NA NA NA NA 38 38 38 37.75 37 37 37 37 37 37 37 37 37 37 37 36.5 36.5 37 37 37 37 37 37 36.5 36 36.25 36.25 36.5 37 37.25 37 38 38.75 38.5 37.5 37.25 37.25 37.25 36.5 36 36.75 37.25 36.25 35.5 35 35 35 34.5 35 35.25 35.5 35.75 NA NA NA NA NA NA NA NA NA NA NA NA NA NA NA NA NA NA NA NA NA NA NA NA NA NA NA 
NA NA NA NA NA NA NA NA NA NA NA NA NA NA NA NA NA NA NA NA NA NA NA NA NA NA NA NA NA NA NA NA NA NA NA NA NA NA NA NA NA NA NA NA NA NA NA NA NA NA NA NA NA NA NA NA NA NA NA NA NA NA NA NA NA NA NA NA NA NA NA NA NA NA NA NA NA NA NA NA NA NA NA NA NA NA NA NA NA NA NA NA NA NA NA NA NA NA NA NA NA NA NA NA NA NA NA NA NA NA NA NA NA NA NA NA NA NA NA NA NA NA NA NA NA NA NA NA NA NA NA NA NA NA NA NA NA NA NA NA NA NA NA NA NA NA NA NA NA NA NA NA NA NA NA NA NA NA NA NA NA NA NA NA NA NA NA NA NA NA NA 37 37.5 38 37.5 37 37 37.5 37.25 37.25 37 37 37 37 37 37 37 37 37 36.5 36.75 37 37.5 38 38.5 38 37 36.75 37.25 36.5 37 37 37 38.25 38.5 37.75 37.75 38.25 37.75 38 38 37 36.75 36.5 36.25 36.5 36 36 35.5 34.25 35 35 35 35 35.5 NA NA NA NA NA NA NA NA NA NA NA NA NA NA NA NA NA NA NA NA NA NA NA NA NA NA 
NA NA NA NA NA NA NA NA NA NA NA NA NA NA NA NA NA NA NA NA NA NA NA NA NA NA NA NA NA NA NA NA NA NA NA NA NA NA NA NA NA NA NA NA NA NA NA NA NA NA NA NA NA NA NA NA NA NA NA NA NA NA NA NA NA NA NA NA NA NA NA NA NA NA NA NA NA NA NA NA NA NA NA NA NA NA NA NA NA NA NA NA NA NA NA NA NA NA NA NA NA NA NA NA NA NA NA NA NA NA NA NA NA NA NA NA NA NA NA NA NA NA NA NA NA NA NA NA NA NA NA NA NA NA NA NA NA NA NA NA NA NA NA NA NA NA NA NA NA NA NA NA NA NA NA NA NA NA NA NA NA NA NA NA NA NA NA NA NA 38 37 38 37.25 37.75 37.75 37.25 38 38 38 37.5 37 37 37 37 37 37 37 37 37 37 37 37 38 38.5 38.25 38.25 38.25 38.5 37.75 37.5 37.25 37.5 37.75 38.5 38.75 39 38.75 38.25 38 38.5 37.75 37 37.25 37 37 37.75 36.75 36 35 35 35 35.25 35.5 35.33333 NA NA NA NA NA NA NA NA NA NA NA NA NA NA NA NA NA NA NA NA NA NA NA NA NA NA NA 
NA NA NA NA NA NA NA NA NA NA NA NA NA NA NA NA NA NA NA NA NA NA NA NA NA NA NA NA NA NA NA NA NA NA NA NA NA NA NA NA NA NA NA NA NA NA NA NA NA NA NA NA NA NA NA NA NA NA NA NA NA NA NA NA NA NA NA NA NA NA NA NA NA NA NA NA NA NA NA NA NA NA NA NA NA NA NA NA NA NA NA NA NA NA NA NA NA NA NA NA NA NA NA NA NA NA NA NA NA NA NA NA NA NA NA NA NA NA NA NA NA NA NA NA NA NA NA NA NA NA NA NA NA NA NA NA NA NA NA NA NA NA NA NA NA NA NA NA NA NA NA NA NA NA NA NA NA NA NA NA NA NA NA NA NA NA NA NA 38 38 37.5 38 38 37.25 37.75 38 38 38 37.25 37 37 37 37 37 37 37 37 37 37 37.25 37 37.5 38.75 38 38.5 39 39 39.25 39 38.5 38.5 38.75 39 39 38.5 38.75 38.5 38.75 39 38.5 37.75 37.75 38 37 37.75 37.25 36.25 35.75 35 35.5 35.25 35 35.5 36 NA NA NA NA NA NA NA NA NA NA NA NA NA NA NA NA NA NA NA NA NA NA NA NA NA NA NA 
NA NA NA NA NA NA NA NA NA NA NA NA NA NA NA NA NA NA NA NA NA NA NA NA NA NA NA NA NA NA NA NA NA NA NA NA NA NA NA NA NA NA NA NA NA NA NA NA NA NA NA NA NA NA NA NA NA NA NA NA NA NA NA NA NA NA NA NA NA NA NA NA NA NA NA NA NA NA NA NA NA NA NA NA NA NA NA NA NA NA NA NA NA NA NA NA NA NA NA NA NA NA NA NA NA NA NA NA NA NA NA NA NA NA NA NA NA NA NA NA NA NA NA NA NA NA NA NA NA NA NA NA NA NA NA NA NA NA NA NA NA NA NA NA NA NA NA NA NA NA NA NA NA NA NA NA NA NA NA NA NA NA NA NA NA NA NA NA NA 38 38 38 38 38 38 38 38 38 37.75 37.5 37 37 37 37 37 37 37 37.75 37 37.75 37.75 38 38.25 38 38 38 38.25 39 38.5 38.5 39 38.75 38.75 38.5 38.5 38.25 38 38.5 39 38.25 38 38 38.5 38.25 38.5 37.25 36.25 36 36 36 35.75 35.25 35.25 NA NA NA NA NA NA NA NA NA NA NA NA NA NA NA NA NA NA NA NA NA NA NA NA NA NA NA NA 
NA NA NA NA NA NA NA NA NA NA NA NA NA NA NA NA NA NA NA NA NA NA NA NA NA NA NA NA NA NA NA NA NA NA NA NA NA NA NA NA NA NA NA NA NA NA NA NA NA NA NA NA NA NA NA NA NA NA NA NA NA NA NA NA NA NA NA NA NA NA NA NA NA NA NA NA NA NA NA NA NA NA NA NA NA NA NA NA NA NA NA NA NA NA NA NA NA NA NA NA NA NA NA NA NA NA NA NA NA NA NA NA NA NA NA NA NA NA NA NA NA NA NA NA NA NA NA NA NA NA NA NA NA NA NA NA NA NA NA NA NA NA NA NA NA NA NA NA NA NA NA NA NA NA NA NA NA NA NA NA NA NA NA NA NA NA NA NA NA 38 38 38.25 38 38 38 38 38 38 38 37.5 37 38 37 37 37.5 37.5 37.5 37.75 37.75 37.5 37.75 38 37.75 37.75 38.25 38.5 38.75 38.75 39 38.25 38.5 38.5 39 38 38 38.25 38.5 38 38.25 39 38.75 38.75 38.75 39 38.5 37.5 36.5 36 36 35.75 35.75 35.5 35 NA NA NA NA NA NA NA NA NA NA NA NA NA NA NA NA NA NA NA NA NA NA NA NA NA NA NA NA 
NA NA NA NA NA NA NA NA NA NA NA NA NA NA NA NA NA NA NA NA NA NA NA NA NA NA NA NA NA NA NA NA NA NA NA NA NA NA NA NA NA NA NA NA NA NA NA NA NA NA NA NA NA NA NA NA NA NA NA NA NA NA NA NA NA NA NA NA NA NA NA NA NA NA NA NA NA NA NA NA NA NA NA NA NA NA NA NA NA NA NA NA NA NA NA NA NA NA NA NA NA NA NA NA NA NA NA NA NA NA NA NA NA NA NA NA NA NA NA NA NA NA NA NA NA NA NA NA NA NA NA NA NA NA NA NA NA NA NA NA NA NA NA NA NA NA NA NA NA NA NA NA NA NA NA NA NA NA NA NA NA NA NA NA NA NA NA NA NA 38 38 38 38 38 38 38 38 38 38 37.75 38 38 38 37 37 37.5 37.25 38 38 37.75 37.5 37.25 37.75 37.75 37.5 37.75 38 37.5 37.5 37.75 38 38.5 38.5 38.5 39 38.25 38.75 38.75 38.25 39 39 38 38 38.25 37.5 37.5 37.5 36.25 35.25 36 36 36 NA NA NA NA NA NA NA NA NA NA NA NA NA NA NA NA NA NA NA NA NA NA NA NA NA NA NA NA NA 
NA NA NA NA NA NA NA NA NA NA NA NA NA NA NA NA NA NA NA NA NA NA NA NA NA NA NA NA NA NA NA NA NA NA NA NA NA NA NA NA NA NA NA NA NA NA NA NA NA NA NA NA NA NA NA NA NA NA NA NA NA NA NA NA NA NA NA NA NA NA NA NA NA NA NA NA NA NA NA NA NA NA NA NA NA NA NA NA NA NA NA NA NA NA NA NA NA NA NA NA NA NA NA NA NA NA NA NA NA NA NA NA NA NA NA NA NA NA NA NA NA NA NA NA NA NA NA NA NA NA NA NA NA NA NA NA NA NA NA NA NA NA NA NA NA NA NA NA NA NA NA NA NA NA NA NA NA NA NA NA NA NA NA NA NA NA 38 NA 38.5 38 37.5 38 38 38 38 38 38 38 38 38.5 38.25 38 38 37.75 37 37.25 37.75 38 37.5 37 37 37 37 37 37 37.25 37.5 37 37.5 38.5 38.75 38.5 39.5 39 39 39 38.25 38.75 39 39.5 39.25 39.25 38.75 38.25 38 37.25 37 36.5 36.5 36.66667 NA NA NA NA NA NA NA NA NA NA NA NA NA NA NA NA NA NA NA NA NA NA NA NA NA NA NA NA NA NA NA 
NA NA NA NA NA NA NA NA NA NA NA NA NA NA NA NA NA NA NA NA NA NA NA NA NA NA NA NA NA NA NA NA NA NA NA NA NA NA NA NA NA NA NA NA NA NA NA NA NA NA NA NA NA NA NA NA NA NA NA NA NA NA NA NA NA NA NA NA NA NA NA NA NA NA NA NA NA NA NA NA NA NA NA NA NA NA NA NA NA NA NA NA NA NA NA NA NA NA NA NA NA NA NA NA NA NA NA NA NA NA NA NA NA NA NA NA NA NA NA NA NA NA NA NA NA NA NA NA NA NA NA NA NA NA NA NA NA NA NA NA NA NA NA NA NA NA NA NA NA NA NA NA NA NA NA NA NA NA NA NA NA NA NA 39.5 40 39 38.75 38.75 38.5 38 38 39 38.5 38 38.75 38 38 38 39 39 38.5 37.75 37.25 37.5 37.75 38 38 38 37 37 37.75 37.25 37.5 38 37.75 37 37 37.75 38 38.25 39 39.5 39.5 39.25 39 39.5 39.33333 38.33333 NA 39.5 39.25 38.75 38.5 37.75 37 37.25 37 36.75 37.66667 NA NA NA NA NA NA NA NA NA NA NA NA NA NA NA NA NA NA NA NA NA NA NA NA NA NA NA NA NA NA NA NA 
NA NA NA NA NA NA NA NA NA NA NA NA NA NA NA NA NA NA NA NA NA NA NA NA NA NA NA NA NA NA NA NA NA NA NA NA NA NA NA NA NA NA NA NA NA NA NA NA NA NA NA NA NA NA NA NA NA NA NA NA NA NA NA NA NA NA NA NA NA NA NA NA NA NA NA NA NA NA NA NA NA NA NA NA NA NA NA NA NA NA NA NA NA NA NA NA NA NA NA NA NA NA NA NA NA NA NA NA NA NA NA NA NA NA NA NA NA NA NA NA NA NA NA NA NA NA NA NA NA NA NA NA NA NA NA NA NA NA NA NA NA NA NA NA NA NA NA NA NA NA NA NA NA NA NA NA NA NA NA NA NA NA NA 40 39 39 39 38.25 38 38.25 38.75 38.5 38.25 38.75 39 38.25 38.5 38 39 38.25 38 38 38 38 38 37.75 37.5 37.5 38 38.25 38.75 38.5 38.25 38.25 38 38 37.25 37.75 38 38.5 39.25 39.75 39.75 39 39.25 40 NA NA NA 38.5 38.5 38.25 38 38 37.25 37.25 37 37.25 38 NA NA NA NA NA NA NA NA NA NA NA NA NA NA NA NA NA NA NA NA NA NA NA NA NA NA NA NA NA NA NA NA 
NA NA NA NA NA NA NA NA NA NA NA NA NA NA NA NA NA NA NA NA NA NA NA NA NA NA NA NA NA NA NA NA NA NA NA NA NA NA NA NA NA NA NA NA NA NA NA NA NA NA NA NA NA NA NA NA NA NA NA NA NA NA NA NA NA NA NA NA NA NA NA NA NA NA NA NA NA NA NA NA NA NA NA NA NA NA NA NA NA NA NA NA NA NA NA NA NA NA NA NA NA NA NA NA NA NA NA NA NA NA NA NA NA NA NA NA NA NA NA NA NA NA NA NA NA NA NA NA NA NA NA NA NA NA NA NA NA NA NA NA NA NA NA NA NA NA NA NA NA NA NA NA NA NA NA NA NA NA NA NA NA NA 39 39.25 39 39 39 39 38 38 38 38.25 38.75 39 39 38.5 38 38.25 39 38.25 38 38 38 38.25 37.75 37 37.75 NA NA 38 39 39.25 39.25 39.25 38.5 38.25 37.75 37.5 38.25 38 38.5 39.5 NA NA NA NA NA NA NA NA 39 38.5 38.25 38.5 38 38 37.33333 37.66667 NA NA NA NA NA NA NA NA NA NA NA NA NA NA NA NA NA NA NA NA NA NA NA NA NA NA NA NA NA NA NA NA NA 
NA NA NA NA NA NA NA NA NA NA NA NA NA NA NA NA NA NA NA NA NA NA NA NA NA NA NA NA NA NA NA NA NA NA NA NA NA NA NA NA NA NA NA NA NA NA NA NA NA NA NA NA NA NA NA NA NA NA NA NA NA NA NA NA NA NA NA NA NA NA NA NA NA NA NA NA NA NA NA NA NA NA NA NA NA NA NA NA NA NA NA NA NA NA NA NA NA NA NA NA NA NA NA NA NA NA NA NA NA NA NA NA NA NA NA NA NA NA NA NA NA NA NA NA NA NA NA NA NA NA NA NA NA NA NA NA NA NA NA NA NA NA NA NA NA NA NA NA NA NA NA NA NA NA NA NA NA NA NA NA NA NA NA 39 39.33333 39 39 39 38.5 38 38 39 39 39 39 38.5 38 38.5 39 38.25 38 NA NA 37.5 37 38 39 NA NA NA NA 38.33333 39 39.25 39 38.75 38 37.75 38.33333 39 38 NA NA NA NA NA NA NA NA NA NA 39 38.5 NA NA NA NA NA NA NA NA NA NA NA NA NA NA NA NA NA NA NA NA NA NA NA NA NA NA NA NA NA NA NA NA NA NA NA NA NA NA 
NA NA NA NA NA NA NA NA NA NA NA NA NA NA NA NA NA NA NA NA NA NA NA NA NA NA NA NA NA NA NA NA NA NA NA NA NA NA NA NA NA NA NA NA NA NA NA NA NA NA NA NA NA NA NA NA NA NA NA NA NA NA NA NA NA NA NA NA NA NA NA NA NA NA NA NA NA NA NA NA NA NA NA NA NA NA NA NA NA NA NA NA NA NA NA NA NA NA NA NA NA NA NA NA NA NA NA NA NA NA NA NA NA NA NA NA NA NA NA NA NA NA NA NA NA NA NA NA NA NA NA NA NA NA NA NA NA NA NA NA NA NA NA NA NA NA NA NA NA NA NA NA NA NA NA NA NA NA NA NA NA NA NA NA NA 39.5 39 39 38.25 38 38 39 39 39 39 39 38.5 39 39 38.25 NA NA NA NA NA NA NA NA NA NA NA NA 38.5 NA NA 39 NA NA NA NA NA NA NA NA NA NA NA NA NA NA NA NA NA NA NA NA NA NA NA NA NA NA NA NA NA NA NA NA NA NA NA NA NA NA NA NA NA NA NA NA NA NA NA NA NA NA NA NA NA NA NA 
NA NA NA NA NA NA NA NA NA NA NA NA NA NA NA NA NA NA NA NA NA NA NA NA NA NA NA NA NA NA NA NA NA NA NA NA NA NA NA NA NA NA NA NA NA NA NA NA NA NA NA NA NA NA NA NA NA NA NA NA NA NA NA NA NA NA NA NA NA NA NA NA NA NA NA NA NA NA NA NA NA NA NA NA NA NA NA NA NA NA NA NA NA NA NA NA NA NA NA NA NA NA NA NA NA NA NA NA NA NA NA NA NA NA NA NA NA NA NA NA NA NA NA NA NA NA NA NA NA NA NA NA NA NA NA NA NA NA NA NA NA NA NA NA NA NA NA NA NA NA NA NA NA NA NA NA NA NA NA NA NA NA NA NA NA NA 39.25 38.5 38.5 38 38 39 39 39 39 39 39 39 NA NA NA NA NA NA NA NA NA NA NA NA NA NA NA NA NA NA NA NA NA NA NA NA NA NA NA NA NA NA NA NA NA NA NA NA NA NA NA NA NA NA NA NA NA NA NA NA NA NA NA NA NA NA NA NA NA NA NA NA NA NA NA NA NA NA NA NA NA NA NA NA NA 
NA NA NA NA NA NA NA NA NA NA NA NA NA NA NA NA NA NA NA NA NA NA NA NA NA NA NA NA NA NA NA NA NA NA NA NA NA NA NA NA NA NA NA NA NA NA NA NA NA NA NA NA NA NA NA NA NA NA NA NA NA NA NA NA NA NA NA NA NA NA NA NA NA NA NA NA NA NA NA NA NA NA NA NA NA NA NA NA NA NA NA NA NA NA NA NA NA NA NA NA NA NA NA NA NA NA NA NA NA NA NA NA NA NA NA NA NA NA NA NA NA NA NA NA NA NA NA NA NA NA NA NA NA NA NA NA NA NA NA NA NA NA NA NA NA NA NA NA NA NA NA NA NA NA NA NA NA NA NA NA NA NA NA NA NA NA 39 38.75 38.75 38.75 38 39 39 39 39 39 39 NA NA NA NA NA NA NA NA NA NA NA NA NA NA NA NA NA NA NA NA NA NA NA NA NA NA NA NA NA NA NA NA NA NA NA NA NA NA NA NA NA NA NA NA NA NA NA NA NA NA NA NA NA NA NA NA NA NA NA NA NA NA NA NA NA NA NA NA NA NA NA NA NA NA 
NA NA NA NA NA NA NA NA NA NA NA NA NA NA NA NA NA NA NA NA NA NA NA NA NA NA NA NA NA NA NA NA NA NA NA NA NA NA NA NA NA NA NA NA NA NA NA NA NA NA NA NA NA NA NA NA NA NA NA NA NA NA NA NA NA NA NA NA NA NA NA NA NA NA NA NA NA NA NA NA NA NA NA NA NA NA NA NA NA NA NA NA NA NA NA NA NA NA NA NA NA NA NA NA NA NA NA NA NA NA NA NA NA NA NA NA NA NA NA NA NA NA NA NA NA NA NA NA NA NA NA NA NA NA NA NA NA NA NA NA NA NA NA NA NA NA NA NA NA NA NA NA NA NA NA NA NA NA NA NA NA NA NA NA NA NA NA NA NA 38.5 38 39 39 39 NA NA NA NA NA NA NA NA NA NA NA NA NA NA NA NA NA NA NA NA NA NA NA NA NA NA NA NA NA NA NA NA NA NA NA NA NA NA NA NA NA NA NA NA NA NA NA NA NA NA NA NA NA NA NA NA NA NA NA NA NA NA NA NA NA NA NA NA NA NA NA NA NA NA NA NA NA 
