NA NA NA NA NA NA NA NA NA NA NA NA NA NA NA NA NA NA NA NA NA NA NA NA NA NA NA NA NA NA NA NA NA NA NA NA NA NA NA NA NA NA NA NA NA NA NA NA NA NA 101 100.5 100 NA NA NA NA NA NA NA NA NA NA NA NA NA NA NA NA NA NA NA NA NA NA NA NA NA NA NA NA NA NA NA NA NA NA NA NA NA NA NA NA NA NA NA NA NA NA NA NA NA NA NA NA NA NA NA NA NA NA NA NA NA NA NA NA NA NA NA NA NA NA NA NA NA NA NA NA NA NA NA NA NA NA NA NA NA NA NA NA NA NA NA NA NA NA NA NA NA NA NA NA NA NA NA NA NA NA NA NA NA NA NA NA NA NA NA NA NA NA NA NA NA NA NA NA NA NA NA NA NA NA NA NA NA NA NA NA NA NA NA NA NA NA NA NA NA NA NA NA NA NA NA NA NA NA NA NA NA NA NA NA NA NA NA NA NA NA NA NA NA NA NA NA NA NA NA NA NA NA NA NA NA NA NA NA NA NA NA NA NA NA NA NA NA NA NA NA NA NA 
NA NA NA NA NA NA NA NA NA NA NA NA NA NA NA NA NA NA NA NA NA NA NA NA NA NA NA NA NA NA NA NA NA NA NA NA NA NA NA NA NA NA NA NA 102 102 101 101 101 101 101 101 101 100.25 100 NA NA NA NA NA NA NA NA NA NA NA 99 99 99 98.75 98 99 99 NA NA NA 98 NA NA NA NA NA NA NA NA NA NA NA NA NA NA NA NA NA NA NA NA NA NA NA NA NA NA NA NA NA NA NA NA NA NA NA NA NA NA NA NA NA NA NA NA NA NA NA NA NA NA NA NA NA NA NA NA NA NA NA NA NA NA NA NA NA NA NA NA NA NA NA NA NA NA NA NA NA NA NA NA NA NA NA NA NA NA NA NA NA NA NA NA NA NA NA NA NA NA NA NA NA NA NA NA NA NA NA NA NA NA NA NA NA NA NA NA NA NA NA NA NA NA NA NA NA NA NA NA NA NA NA NA NA NA NA NA NA NA NA NA NA NA NA NA NA NA NA NA NA NA NA NA NA NA NA NA NA NA NA NA NA NA NA NA NA NA NA NA NA NA NA NA NA NA 
NA NA NA NA NA NA NA NA NA NA NA NA NA NA NA NA NA NA NA NA NA NA NA NA NA NA NA NA NA NA NA NA NA NA NA NA NA NA NA NA NA NA 103 103 102.25 102 101.25 101 101 101 101 101 101 101 100.5 100 100 NA NA NA NA NA 100 99.5 99 99 99 99 99 99 99 99 99 NA 99 99 98.75 98.25 98 NA 98 98 98 NA NA NA NA NA NA NA NA NA NA NA NA NA NA NA NA NA NA NA NA NA NA NA NA NA NA NA NA NA NA NA NA NA NA NA NA NA NA NA NA NA NA NA NA NA NA NA NA NA NA NA NA NA NA NA NA NA NA NA NA NA NA NA NA NA NA NA NA NA NA NA NA NA NA NA NA NA NA NA NA NA NA NA NA NA NA NA NA NA NA NA NA NA NA NA NA NA NA NA NA NA NA NA NA NA NA NA NA NA NA NA NA NA NA NA NA NA NA NA NA NA NA NA NA NA NA NA NA NA NA NA NA NA NA NA NA NA NA NA NA NA NA NA NA NA NA NA NA NA NA NA NA NA NA NA NA NA NA NA NA NA NA NA NA NA NA NA NA 
NA NA NA NA NA NA NA NA NA NA NA NA NA NA NA NA NA NA NA NA NA NA NA NA NA NA NA NA NA NA NA NA NA NA NA NA NA NA NA NA NA NA 103 103 103 102.75 102 101.5 101 101 101 101 101 101 101 101 100.25 100 100 100 100 100 100 100 99.25 99 99 99 99 99 99 99 99 99 99 99 99 99 98.5 98 98 98 98 98 98 NA NA NA NA NA NA NA NA NA NA NA NA NA NA NA NA NA NA NA NA NA NA NA NA NA NA NA NA NA NA NA NA NA NA NA NA NA NA NA NA NA NA NA NA NA NA NA NA NA NA NA NA NA NA NA NA NA NA NA NA NA NA NA NA NA NA NA NA NA NA NA NA NA NA NA NA NA NA NA NA NA NA NA NA NA NA NA NA NA NA NA NA NA NA NA NA NA NA NA NA NA NA NA NA NA NA NA NA NA NA NA NA NA NA NA NA NA NA NA NA NA NA NA NA NA NA NA NA NA NA NA NA NA NA NA NA NA NA NA NA NA NA NA NA NA NA NA NA NA NA NA NA NA NA NA NA NA NA NA NA NA NA NA NA NA NA 
NA NA NA NA NA NA NA NA NA NA NA NA NA NA NA NA NA NA NA NA NA NA NA NA NA NA NA NA NA NA NA NA NA NA NA NA NA NA NA NA NA NA 103 103 103 103 102 102 101.75 101 101 101 101 101 101 101 101 100.25 100 100 100 100 100 100 100 99.75 99.25 99 99 99 99 99.25 99 99 99 99 99 99 99 99 98.25 98 98 98 98 98 98 NA NA NA NA NA NA NA NA NA NA NA NA NA NA NA NA NA NA NA NA NA NA NA NA NA NA NA NA NA NA NA NA NA NA NA NA NA NA NA NA NA NA NA NA NA NA NA NA NA NA NA NA NA NA NA NA NA NA NA NA NA NA NA NA NA NA NA NA NA NA NA NA NA NA NA NA NA NA NA NA NA NA NA NA NA NA NA NA NA NA NA NA NA NA NA NA NA NA NA NA NA NA NA NA NA NA NA NA NA NA NA NA NA NA NA NA NA NA NA NA NA NA NA NA NA NA NA NA NA NA NA NA NA NA NA NA NA NA NA NA NA NA NA NA NA NA NA NA NA NA NA NA NA NA NA NA NA NA NA NA NA NA NA NA 
NA NA NA NA NA NA NA NA NA NA NA NA NA NA NA NA NA NA NA NA NA NA NA NA NA NA NA NA NA NA NA NA NA NA NA NA NA NA NA 103.5 103 103 103 103 103 103 102 102 102 102 101.5 101 101 101 101 101 101 101 100.75 100 100 100 100 100 100 100 100 99.25 99 99 99 100 99.75 99.25 99 99 99 99 99 99 99 98.75 98 98 98 98 98 98 NA NA NA NA NA NA NA NA NA NA NA NA NA NA NA NA NA NA NA NA NA NA NA NA NA NA NA NA NA NA NA NA NA NA NA NA NA NA NA NA NA NA NA NA NA NA NA NA NA NA NA NA NA NA NA NA NA NA NA NA NA NA NA NA NA NA NA NA NA NA NA NA NA NA NA NA NA NA NA NA NA NA NA NA NA NA NA NA NA NA NA NA NA NA NA NA NA NA NA NA NA NA NA NA NA NA NA NA NA NA NA NA NA NA NA NA NA NA NA NA NA NA NA NA NA NA NA NA NA NA NA NA NA NA NA NA NA NA NA NA NA NA NA NA NA NA NA NA NA NA NA NA NA NA NA NA NA NA NA NA NA NA NA 
NA NA NA NA NA NA NA NA NA NA NA NA NA NA NA NA NA NA NA NA NA NA NA NA NA NA NA NA NA NA NA NA NA NA NA NA NA NA NA 104 103.5 103 103 103 103 103 102 102 102 102 102 101.75 101 101 101 101 101 101 101 101 100.5 100 100 100 100 100 100 100 100 99.25 99 100 100 100 99.25 99 99 99 99 99 99 99 99 98.25 98 98 98 98 98 NA NA NA NA NA NA NA NA NA NA NA NA NA NA NA NA NA NA NA NA NA NA NA NA NA NA NA NA NA NA NA NA NA NA NA NA NA NA NA NA NA NA NA NA NA NA NA NA NA NA NA NA NA NA NA NA NA NA NA NA NA NA NA NA NA NA NA NA NA NA NA NA NA NA NA NA NA NA NA NA NA NA NA NA NA NA NA NA NA NA NA NA NA NA NA NA NA NA NA NA NA NA NA NA NA NA NA NA NA NA NA NA NA NA NA NA NA NA NA NA NA NA NA NA NA NA NA NA NA NA NA NA NA NA NA NA NA NA NA NA NA NA NA NA NA NA NA NA NA NA NA NA NA NA NA NA NA NA NA NA NA NA 
NA NA NA NA NA NA NA NA NA NA NA NA NA NA NA NA NA NA NA NA NA NA NA NA NA NA NA NA NA NA NA NA NA NA NA NA NA 104 104 104 104 103.75 103.25 103 103 103 102 102 102 102 102 102 101.75 101.5 101 101 101 101 101 101 101 101 100.25 100 100 100 100 100 100 100 99.5 100 100 100 100 99.5 99 99 99 99 99 99 99 99 98.75 98.25 98 98 98 98 NA NA NA NA NA NA NA NA NA NA NA NA NA NA NA NA NA NA NA NA NA NA NA NA NA NA NA NA NA NA NA NA NA NA NA NA NA NA NA NA NA NA NA NA NA NA NA NA NA NA NA NA NA NA NA NA NA NA NA NA NA NA NA NA NA NA NA NA NA NA NA NA NA NA NA NA NA NA NA NA NA NA NA NA NA NA NA NA NA NA NA NA NA NA NA NA NA NA NA NA NA NA NA NA NA NA NA NA NA NA NA NA NA NA NA NA NA NA NA NA NA NA NA NA NA NA NA NA NA NA NA NA NA NA NA NA NA NA NA NA NA NA NA NA NA NA NA NA NA NA NA NA NA NA NA NA NA NA NA NA NA 
NA NA NA NA NA NA NA NA NA NA NA NA NA NA NA NA NA NA NA NA NA NA NA NA NA NA NA NA NA NA NA NA 104.5 NA NA NA 104 104 104 104 104 104 104 103.75 103.25 103 102 102 102 102 102 102 102 102 101.75 101 101 101 101 101 101 101 101 100.5 100 100 100 100 100 100 100 100 100 100 100 100 100 99.25 99 99 99 99 99 99 99 99 98.5 98.25 98 98 98 NA NA NA NA NA NA NA NA NA NA NA NA NA NA NA NA NA NA NA NA NA NA NA NA NA NA NA NA NA NA NA NA NA NA NA NA NA NA NA NA NA NA NA NA NA NA NA NA NA NA NA NA NA NA NA NA NA NA NA NA NA NA NA NA NA NA NA NA NA NA NA NA NA NA NA NA NA NA NA NA NA NA NA NA NA NA NA NA NA NA NA NA NA NA NA NA NA NA NA NA NA NA NA NA NA NA NA NA NA NA NA NA NA NA NA NA NA NA NA NA NA NA NA NA NA NA NA NA NA NA NA NA NA NA NA NA NA NA NA NA NA NA NA NA NA NA NA NA NA NA NA NA NA NA NA NA NA NA NA NA 
NA NA NA NA NA NA NA NA NA NA NA NA NA NA NA NA NA 106 106 NA NA NA NA NA NA NA NA NA NA NA 105 105 105 104.6667 104 104 104 104 104 104 104 104 104 104 104 103.75 102.75 102 102 102 102 102 102 102 102 102 101.25 101 101 101 101 101 101 101 100.5 100 100 100 100 100 100 100 100 100 100 100 100 100 100 99.25 99 99 99 99 99 99 99 99 98.5 98 98 98 NA NA NA NA NA NA NA NA NA NA NA NA NA NA NA NA NA NA NA NA NA NA NA NA NA NA NA NA NA NA NA NA NA NA NA NA NA NA NA NA NA NA NA NA NA NA NA NA NA NA NA NA NA NA NA NA NA NA NA NA NA NA NA NA NA NA NA NA NA NA NA NA NA NA NA NA NA NA NA NA NA NA NA NA NA NA NA NA NA NA NA NA NA NA NA NA NA NA NA NA NA NA NA NA NA NA NA NA NA NA NA NA NA NA NA NA NA NA NA NA NA NA NA NA NA NA NA NA NA NA NA NA NA NA NA NA NA NA NA NA NA NA NA NA NA NA NA NA NA NA NA NA NA NA NA NA NA NA NA 
NA NA NA NA NA NA NA NA NA NA NA NA NA NA NA NA 106 106 106 106 NA NA NA NA NA NA NA NA 105 105 105 105 105 105 104.75 104.25 104 104 104 104 104 104 104 104 104 104 103 102.75 102.25 102 102 102 102 102 102 102 102 101.75 101 101 101 101 101 101 101 100.75 100 100 100 100 100 100.25 100 100 100 100 100 100 100 100 99.75 99.25 99 99 99 99 99 99 99 98.75 98.25 98 NA NA NA NA NA NA NA NA NA NA NA NA NA NA NA NA NA NA NA NA NA NA NA NA NA NA NA NA NA NA NA NA NA NA NA NA NA NA NA NA NA NA NA NA NA NA NA NA NA NA NA NA NA NA NA NA NA NA NA NA NA NA NA NA NA NA NA NA NA NA NA NA NA NA NA NA NA NA NA NA NA NA NA NA NA NA NA NA NA NA NA NA NA NA NA NA NA NA NA NA NA NA NA NA NA NA NA NA NA NA NA NA NA NA NA NA NA NA NA NA NA NA NA NA NA NA NA NA NA NA NA NA NA NA NA NA NA NA NA NA NA NA NA NA NA NA NA NA NA NA NA NA NA NA NA NA NA NA NA 
NA NA NA NA NA NA NA NA NA NA NA NA NA NA NA 106.75 106 106 106 106 106 NA NA 106 105.5 NA 105 105 NA 105 105 105 105 105 105 105 104.75 104 104 104 104 104 104 104 104 104 103 103 103 102.5 102 102 102 102 102 102 102 102 102 101.25 101 101 101 101 101 101 101 100.25 100 100 100 101 100.75 100 100 100 100 100 100 100 100 100 99.5 99 99 99 99 99 99 99 99 98.5 NA NA NA NA NA NA NA NA NA NA NA NA NA NA NA NA NA NA NA NA NA NA NA NA NA NA NA NA NA NA NA NA NA NA NA NA NA NA NA NA NA NA NA NA NA NA NA NA NA NA NA NA NA NA NA NA NA NA NA NA NA NA NA NA NA NA NA NA NA NA NA NA NA NA NA NA NA NA NA NA NA NA NA NA NA NA NA NA NA NA NA NA NA NA NA NA NA NA NA NA NA NA NA NA NA NA NA NA NA NA NA NA NA NA NA NA NA NA NA NA NA NA NA NA NA NA NA NA NA NA NA NA NA NA NA NA NA NA NA NA NA NA NA NA NA NA NA NA NA NA NA NA NA NA NA NA NA NA NA 
NA NA NA NA NA NA NA NA NA NA NA NA NA NA NA 107 107 106.5 106 106 106 106 106 106 106 105.25 105 105 105 105 105 105 105 105 105 105 105 104.75 104.25 104 104 104 104 104 104 104 103 103 103 103 102.75 102.25 102 102 102 102 102 102 102 102 101.5 101 101 101 101 101 101 101 100.75 100 100 101 101 100.75 100.5 100 100 100 100 100 100 100 100 99.75 99.25 99 99 99 99 99 99 99 98.75 98.5 NA NA NA NA NA NA NA NA NA NA NA NA NA NA NA NA NA NA NA NA NA NA NA NA NA NA NA NA NA NA NA NA NA NA NA NA NA NA NA NA NA NA NA NA NA NA NA NA NA NA NA NA NA NA NA NA NA NA NA NA NA NA NA NA NA NA NA NA NA NA NA NA NA NA NA NA NA NA NA NA NA NA NA NA NA NA NA NA NA NA NA NA NA NA NA NA NA NA NA NA NA NA NA NA NA NA NA NA NA NA NA NA NA NA NA NA NA NA NA NA NA NA NA NA NA NA NA NA NA NA NA NA NA NA NA NA NA NA NA NA NA NA NA NA NA NA NA NA NA NA NA NA NA NA NA NA NA 
NA NA NA NA NA NA NA NA NA NA NA NA 107 107 107 107 107 106.75 106.25 106 106 106 106 106 106 106 105.75 105 105 105 105 105 105 105 105 105 105 105 105 104.5 104.25 104 104 104 104 104 103 103 103 103 103 103 102.25 102 102 102 102 102 102 102 102 101.75 101 101 101 101 101 101 101 100.75 100 101 101 101 101 100.75 100.25 100 100 100 100 100 100 100 100 99.25 99 99 99 99 99 99 99 99 98.5 98 98 98 98 NA NA NA NA NA NA NA NA NA NA NA NA NA NA NA NA NA NA NA NA NA NA NA NA NA NA NA NA NA NA NA NA NA NA NA NA NA NA NA NA NA NA NA NA NA NA NA NA NA NA NA NA NA NA NA NA NA NA NA NA NA NA NA NA NA NA NA NA NA NA NA NA NA NA NA NA NA NA NA NA NA NA NA NA NA NA NA NA NA NA NA NA NA NA NA NA NA NA NA NA NA NA NA NA NA NA NA NA NA NA NA NA NA NA NA NA NA NA NA NA NA NA NA NA NA NA NA NA NA NA NA NA NA NA NA NA NA NA NA NA NA NA NA NA NA NA NA NA NA NA NA NA 
NA NA NA NA NA NA NA NA NA NA NA 107 107 107 107 107 107 107 107 106.75 106 106 106 106 106 106 106 106 105.5 105.5 105 105 105 105 105 105 105 105 105 105 105 104.5 104 104 104 104 103 103 103 103 103 103 103 102.5 102 102 102 102 102 102 102 102 101.75 101.25 101 101 101 101 101 101 101 101 101 101 101 101 101 100.5 100 100 100 100 100 100 100 100 99.75 99 99 99 99 99 99 99 99 98.75 98 98 98 98 NA NA NA NA NA NA NA NA NA NA NA NA NA NA NA NA NA NA NA NA NA NA NA NA NA NA NA NA NA NA NA NA NA NA NA NA NA NA NA NA NA NA NA NA NA NA NA NA NA NA NA NA NA NA NA NA NA NA NA NA NA NA NA NA NA NA NA NA NA NA NA NA NA NA NA NA NA NA NA NA NA NA NA NA NA NA NA NA NA NA NA NA NA NA NA NA NA NA NA NA NA NA NA NA NA NA NA NA NA NA NA NA NA NA NA NA NA NA NA NA NA NA NA NA NA NA NA NA NA NA NA NA NA NA NA NA NA NA NA NA NA NA NA NA NA NA NA NA NA NA NA 
NA NA NA NA NA 108 108 NA NA NA NA 107 107 107 107 107 107 107 107 107 106.25 106 106 106 106 106 106 106 106 106 105.75 105.25 105 105 105 105 105 105 105 105 105 105 104.75 104.25 104 104 103 103 103 103 103 103 103 103 102.75 102 102 102 102 102 102 102 102 102 101.5 101 101 101 101 101 101 101 101 101 101 101 101 101 100.5 100 100 100 100 100 100 100 100 99.75 99.5 99 99 99 99 99 99 99 98 98 98 98 98 NA NA NA NA NA NA NA NA NA NA NA NA NA NA NA NA NA NA NA NA NA NA NA NA NA NA NA NA NA NA NA NA NA NA NA NA NA NA NA NA NA NA NA NA NA NA NA NA NA NA NA NA NA NA NA NA NA NA NA NA NA NA NA NA NA NA NA NA NA NA NA NA NA NA NA NA NA NA NA NA NA NA NA NA NA NA NA NA NA NA NA NA NA NA NA NA NA NA NA NA NA NA NA NA NA NA NA NA NA NA NA NA NA NA NA NA NA NA NA NA NA NA NA NA NA NA NA NA NA NA NA NA NA NA NA NA NA NA NA NA NA NA NA NA NA NA NA NA NA NA 
NA NA NA 108 108 108 108 108 107.5 107 107 107 107 107 107 107 107 107 107 107 106.75 106 106 106 106 106 106 106 106 106 106 106 105.5 105 105 105 105 105 105 105 105 105 105 105 104.75 104 103 103 103 103 103 103 103 103 103 103 102.25 102 102 102 102 102 102 102 102 101.75 101 101 101 101 101 101.25 101 101 101 101 101 101 101 101 100.25 100 100 100 100 100 100 100 100 99.75 99 99 99 99 99 99 98 98 98 98 98 NA NA NA NA NA NA NA NA NA NA NA NA NA NA NA NA NA NA NA NA NA NA NA NA NA NA NA NA NA NA NA NA NA NA NA NA NA NA NA NA NA NA NA NA NA NA NA NA NA NA NA NA NA NA NA NA NA NA NA NA NA NA NA NA NA NA NA NA NA NA NA NA NA NA NA NA NA NA NA NA NA NA NA NA NA NA NA NA NA NA NA NA NA NA NA NA NA NA NA NA NA NA NA NA NA NA NA NA NA NA NA NA NA NA NA NA NA NA NA NA NA NA NA NA NA NA NA NA NA NA NA NA NA NA NA NA NA NA NA NA NA NA NA NA NA NA NA NA NA NA 
108 108 108 108 108 108 108 108 107.75 107.75 107 107 107 107 107 107 107 107 107 107 107 106 106 106 106 106 106 106 106 106 106 106 106 105.75 105 105 105 105 105 105 105 105 105 105 105 105 103.75 103 103 103 103 103 103 103 103 103 102.75 102.25 102 102 102 102 102 102 102 102 101.75 101 101 101 101 102 101.25 101 101 101 101 101 101 101 101 100.25 100 100 100 100 100 100 100 100 100 99.25 99 99 99 99 98.75 98 98 98 98 98 NA 98 97.75 97 NA NA NA NA NA NA NA NA NA NA NA NA NA NA NA NA NA NA NA NA NA NA NA NA NA NA NA NA NA NA NA NA NA NA NA NA NA NA NA NA NA NA NA NA NA NA NA NA NA NA NA NA NA NA NA NA NA NA NA NA NA NA NA NA NA NA NA NA NA NA NA NA NA NA NA NA NA NA NA NA NA NA NA NA NA NA NA NA NA NA NA NA NA NA NA NA NA NA NA NA NA NA NA NA NA NA NA NA NA NA NA NA NA NA NA NA NA NA NA NA NA NA NA NA NA NA NA NA NA NA NA NA NA NA NA NA NA NA NA NA NA NA NA NA NA 
NA 108 108 108 108 108 108 108 108 108 108 107.25 107 107 107 107 107 107 107 107 107 106 106 106 106 106 106 106 106 106 106 106 106 106 106 105.25 105 105 105 105 105 105 105 105 105 105 104 103.75 103.25 103 103 103 103 103 103 103 103 103 102.25 102 102 102 102 102 102 102 102 102 101.25 101 101 102 102 102 101.5 101 101 101 101 101 101 101 101 100.25 100 100 100 100 100 100 100 100 99.75 99 99 99 99 99 98.25 98 98 98 98 98 98 98 NA NA NA NA NA NA NA NA NA NA NA NA NA NA NA NA NA NA NA NA NA NA NA NA NA NA NA NA NA NA NA NA NA NA NA NA NA NA NA NA NA NA NA NA NA NA NA NA NA NA NA NA NA NA NA NA NA NA NA NA NA NA NA NA NA NA NA NA NA NA NA NA NA NA NA NA NA NA NA NA NA NA NA NA NA NA NA NA NA NA NA NA NA NA NA NA NA NA NA NA NA NA NA NA NA NA NA NA NA NA NA NA NA NA NA NA NA NA NA NA NA NA NA NA NA NA NA NA NA NA NA NA NA NA NA NA NA NA NA NA NA NA NA NA NA 
NA 108 108 108 108 108 108 108 108 108 108 108 107 107 107 107 107 107 107 107 107 106.25 106 106 106 106 106 106 106 106 106 106 106 106 106 106 105.75 105 105 105 105 105 105 105 105 105 104 104 104 103.75 103.25 103 103 103 103 103 103 103 103 102.5 102 102 102 102 102 102 102 102 102 101.25 101 102 102 102 102 101.75 101 101 101 101 101 101 101 101 100.5 100 100 100 100 100 100 100 100 99.75 99 99 99 99 99 98.25 98 98 98 98 98 98 98 97.5 NA NA NA NA NA NA NA NA NA NA NA NA NA NA NA NA NA NA NA NA NA NA NA NA NA NA NA NA NA NA NA NA NA NA NA NA NA NA NA NA NA NA NA NA NA NA NA NA NA NA NA NA NA NA NA NA NA NA NA NA NA NA NA NA NA NA NA NA NA NA NA NA NA NA NA NA NA NA NA NA NA NA NA NA NA NA NA NA NA NA NA NA NA NA NA NA NA NA NA NA NA NA NA NA NA NA NA NA NA NA NA NA NA NA NA NA NA NA NA NA NA NA NA NA NA NA NA NA NA NA NA NA NA NA NA NA NA NA NA NA NA NA NA 
NA NA 108 108 108 108 108 108 108 108 108 108 107.5 107 107 107 107 107 107 107 107 107 106.25 106 106 106 106 106 106 106 106 106 106 106 106 106 106 106 105.25 105 105 105 105 105 105 105 104 104 104 104 104 103.25 103 103 103 103 103 103 103 103 102.75 102 102 102 102 102 102 102 102 102 101.25 102 102 102 102 102 101.75 101 101 101 101 101 101 101 101 101 100.25 100 100 100 100 100 100 100 100 99.25 99 99 99 99 98 98 98 98 98 98 98 98 97.33334 NA NA NA NA NA NA NA NA NA NA NA NA NA NA NA NA NA NA NA NA NA NA NA NA NA NA NA NA NA NA NA NA NA NA NA NA NA NA NA NA NA NA NA NA NA NA NA NA NA NA NA NA NA NA NA NA NA NA NA NA NA NA NA NA NA NA NA NA NA NA NA NA NA NA NA NA NA NA NA NA NA NA NA NA NA NA NA NA NA NA NA NA NA NA NA NA NA NA NA NA NA NA NA NA NA NA NA NA NA NA NA NA NA NA NA NA NA NA NA NA NA NA NA NA NA NA NA NA NA NA NA NA NA NA NA NA NA NA NA NA NA NA 
NA NA 108 108 108 108 108 108 108 108 108 108 108 107.75 107.5 107.25 107 107 107 107 107 106.5 106.5 106 106 106 106 106 106 106 106 106 106 106 105.5 105.5 105.5 105.5 105.5 105 105 105 105 105 105 105 104.5 104.5 104.5 104.5 104.5 104.5 103.75 103.5 103.5 103.5 103.5 103.5 103.5 103.5 103.5 103.5 103 102.75 102.5 102.5 102.5 102.5 102.5 102.5 102.5 101.5 101.5 101.5 101.5 101.5 101.5 101.25 100.5 100.5 100.5 100.5 100.5 100.5 100.5 100.25 100 99.75 99.5 99.5 99.5 99.5 99.5 99.25 99 99 99 98.75 98.5 98.5 98.5 98 98 98 98 97.5 97.5 97.5 97.5 97 NA NA NA NA NA NA NA NA NA NA NA NA NA NA NA NA NA NA NA NA NA NA NA NA NA NA NA NA NA NA NA NA NA NA NA NA NA NA NA NA NA NA NA NA NA NA NA NA NA NA NA NA NA NA NA NA NA NA NA NA NA NA NA NA NA NA NA NA NA NA NA NA NA NA NA NA NA NA NA NA NA NA NA NA NA NA NA NA NA NA NA NA NA NA NA NA NA NA NA NA NA NA NA NA NA NA NA NA NA NA NA NA NA NA NA NA NA NA NA NA NA NA NA NA NA NA NA NA NA NA NA NA NA NA NA NA NA NA NA NA NA 
NA NA 108 108 108 108 108 108 108 108 108 108 108 108 108 107.75 107 107 107 107 107 106.25 106 106 106 106 106 106 106 106 106 106 106 106 105.75 105 105 105 105 105 105 105 105 105 105 105 105 105 105 105 105 105 104.75 104.25 104 104 104 104 104 104 104 104 104 104 103.25 103 103 103 103 103 103 101 101 101 101 101 101 101 100.25 100 100 100 100 100 100 100 99.75 99 99 99 99 99 99 99 98.25 98 99 99 98.25 98 98 98 98 98 98 97.75 97 97 97 97 NA NA NA NA NA NA NA NA NA NA NA NA NA NA NA NA NA NA NA NA NA NA NA NA NA NA NA NA NA NA NA NA NA NA NA NA NA NA NA NA NA NA NA NA NA NA NA NA NA NA NA NA NA NA NA NA NA NA NA NA NA NA NA NA NA NA NA NA NA NA NA NA NA NA NA NA NA NA NA NA NA NA NA NA NA NA NA NA NA NA NA NA NA NA NA NA NA NA NA NA NA NA NA NA NA NA NA NA NA NA NA NA NA NA NA NA NA NA NA NA NA NA NA NA NA NA NA NA NA NA NA NA NA NA NA NA NA NA NA NA NA 
NA NA 108 108 108 108 108 108 108 108 108 108 108 108 108 108 107.75 107 107 107 107 106.75 106 106 106 106 106 106 106 106 106 106 106 106 106 106 105.25 105 105 105 105 105 105 105 105 105 105 105 105 105 105 105 105 105 104.5 104 104 104 104 104 104 104 104 104 104 103.75 103 103 103 103 103 101.5 101 101 101 101 101 101 101 100.75 100 100 100 100 100 100 100 99.75 99 99 99 99 99 99 99 98.25 99 99 99 98.25 98 98 98 98 98 98 97.75 97 97 97 97 NA NA NA NA NA NA NA NA NA NA NA NA NA NA NA NA NA NA NA NA NA NA NA NA NA NA NA NA NA NA NA NA NA NA NA NA NA NA NA NA NA NA NA NA NA NA NA NA NA NA NA NA NA NA NA NA NA NA NA NA NA NA NA NA NA NA NA NA NA NA NA NA NA NA NA NA NA NA NA NA NA NA NA NA NA NA NA NA NA NA NA NA NA NA NA NA NA NA NA NA NA NA NA NA NA NA NA NA NA NA NA NA NA NA NA NA NA NA NA NA NA NA NA NA NA NA NA NA NA NA NA NA NA NA NA NA NA NA NA NA 
NA NA NA 108 108 108 108 108 108 108 108 108 108 108 108 108 108 107 107 107 107 107 106.75 106 106 106 106 106 106 106 106 106 106 106 106 106 106 105.25 105 105 105 105 105 105 105 105 105 105 105 105 105 105 105 105 105 104.75 104 104 104 104 104 104 104 104 104 104 103.75 103 103 103 103 102 101.25 101 101 101 101 101 101 101 100.75 100 100 100 100 100 100 100 99.75 99.25 99 99 99 99 99 99 99 99 99 99 98.25 98 98 98 98 98 98 97.75 97 97 97 97 NA NA NA NA NA NA 96 NA NA NA NA NA NA NA NA NA NA NA NA NA NA NA NA NA NA NA NA NA NA NA NA NA NA NA NA NA NA NA NA NA NA NA NA NA NA NA NA NA NA NA NA NA NA NA NA NA NA NA NA NA NA NA NA NA NA NA NA NA NA NA NA NA NA NA NA NA NA NA NA NA NA NA NA NA NA NA NA NA NA NA NA NA NA NA NA NA NA NA NA NA NA NA NA NA NA NA NA NA NA NA NA NA NA NA NA NA NA NA NA NA NA NA NA NA NA NA NA NA NA NA NA NA NA NA NA NA NA NA NA 
NA NA NA NA 108 108 108 108 108 108 108 108 108 108 108 108 108 107.75 107 107 107 107 106.75 106.75 106 106 106 106 106 106 106 106 106 106 106 106 106 106 105.5 105 105 105 105 105 105 105 105 105 105 105 105 105 105 105 105 105 104.75 104 104 104 104 104 104 104 104 104 104 104 103.5 103 103 102 102 101.75 101.25 101 101 101 101 101 101 100.75 100.25 100 100 100 100 100 100 100 99.25 99 99 99 99 99 99 99 99 99 99 98.75 98 98 98 98 98 98 97.75 97 97 97 97 NA NA NA NA 96 96 96 NA NA NA NA NA NA NA NA NA NA NA NA NA NA NA NA NA NA NA NA NA NA NA NA NA NA NA NA NA NA NA NA NA NA NA NA NA NA NA NA NA NA NA NA NA NA NA NA NA NA NA NA NA NA NA NA NA NA NA NA NA NA NA NA NA NA NA NA NA NA NA NA NA NA NA NA NA NA NA NA NA NA NA NA NA NA NA NA NA NA NA NA NA NA NA NA NA NA NA NA NA NA NA NA NA NA NA NA NA NA NA NA NA NA NA NA NA NA NA NA NA NA NA NA NA NA NA NA NA NA NA 
NA NA NA NA NA 108 108 108 108 108 108 108 108 108 108 108 108 108 107.5 107 107 107 107 107 106.25 106 106 106 106 106 106 106 106 106 106 106 106 106 106 105.75 105 105 105 105 105 105 105 105 105 105 105 105 105 105 105 105 105 104.75 104.25 104 104 104 104 104 104 104 104 104 104 103.75 103 102 102 102 102 101.25 101 101 101 101 101 101 101 100.25 100 100 100 100 100 100 100 99.25 99 99 99 99 99 99 99 99 99 99 98.75 98 98 98 98 98 98 97.75 97 97 97 97 97 97 96.75 96 96 96 NA NA NA NA NA NA NA NA NA NA NA NA NA NA NA NA NA NA NA NA NA NA NA NA NA NA NA NA NA NA NA NA NA NA NA NA NA NA NA NA NA NA NA NA NA NA NA NA NA NA NA NA NA NA NA NA NA NA NA NA NA NA NA NA NA NA NA NA NA NA NA NA NA NA NA NA NA NA NA NA NA NA NA NA NA NA NA NA NA NA NA NA NA NA NA NA NA NA NA NA NA NA NA NA NA NA NA NA NA NA NA NA NA NA NA NA NA NA NA NA NA NA NA NA NA NA NA NA NA NA NA 
NA NA NA NA NA 108 108 108 108 108 108 108 108 108 108 108 108 108 108 107.75 107 107 107 107 107 106 106 106 106 106 106 106 106 106 106 106 106 106 106 106 105.75 105 105 105 105 105 105 105 105 105 105 105 105 105 105 105 105 105 105 104.5 104 104 104 104 104 104 104 104 104 104 103.75 102 102 102 102 102 101.5 101 101 101 101 101 101 101 100.75 100 100 100 100 100 100 100 99.25 99 99 99 99 99 99 99 99 99 99 98.25 98 98 98 98 98 98 97.25 97 97 97 97 97 97 96.75 96 NA NA NA NA NA NA NA NA NA NA NA NA NA NA NA NA NA NA NA NA NA NA NA NA NA NA NA NA NA NA NA NA NA NA NA NA NA NA NA NA NA NA NA NA NA NA NA NA NA NA NA NA NA NA NA NA NA NA NA NA NA NA NA NA NA NA NA NA NA NA NA NA NA NA NA NA NA NA NA NA NA NA NA NA NA NA NA NA NA NA NA NA NA NA NA NA NA NA NA NA NA NA NA NA NA NA NA NA NA NA NA NA NA NA NA NA NA NA NA NA NA NA NA NA NA NA NA NA NA NA NA NA 
NA NA NA NA NA 108 108 108 108 108 108 108 108 108 108 108 108 108 108 108 107.25 107 107 107 107 106.75 106 106 106 106 106 106 106 106 106 106 106 106 106 106 106 105.75 105.25 105 105 105 105.75 105.25 105 105 105 105 105 105 105 105 105 105 105 105 105 104.25 104 104 104 104 104 104 104 104 104 102 102 102 102 102 102 101.25 101 101 101 101 101 101 101 100.75 100 100 100 100 100 100 100 99.25 99 99 99.75 99 99 99 99 99 99 99 98 98 98 98 98 98 98 97.25 97 97 97 97 97 97 96.75 NA NA NA NA NA NA NA NA NA NA NA NA NA NA NA NA NA NA NA NA NA NA NA NA NA NA NA NA NA NA NA NA NA NA NA NA NA NA NA NA NA NA NA NA NA NA NA NA NA NA NA NA NA NA NA NA NA NA NA NA NA NA NA NA NA NA NA NA NA NA NA NA NA NA NA NA NA NA NA NA NA NA NA NA NA NA NA NA NA NA NA NA NA NA NA NA NA NA NA NA NA NA NA NA NA NA NA NA NA NA NA NA NA NA NA NA NA NA NA NA NA NA NA NA NA NA NA NA NA NA NA NA 
NA NA NA NA NA NA 108 108 108 108 108 108 108 108 108 108 108 108 108 108 107.75 107 107 107 107 107 106.75 106 106 106 106 106 106 106 106 106 106 106 106 106 106 106 106 105.75 105.25 105 106 106 105.75 105.5 105 105 105 105 105 105 105 105 105 105 105 105 104.5 104 104 104 104 104 104 104 104 102 102 102 102 102 102 102 101.25 101 101 101 101 101 101 101 100.75 100 100 100 100 100 100 100 99.25 99 100 99.5 99 99 99 99 99 99 98.75 98 98 98 98 98 98 98 97.25 97 97 97 97 97 97 NA NA NA NA NA NA NA NA NA NA NA NA NA NA NA NA NA NA NA NA NA NA NA NA NA NA NA NA NA NA NA NA NA NA NA NA NA NA NA NA NA NA NA NA NA NA NA NA NA NA NA NA NA NA NA NA NA NA NA NA NA NA NA NA NA NA NA NA NA NA NA NA NA NA NA NA NA NA NA NA NA NA NA NA NA NA NA NA NA NA NA NA NA NA NA NA NA NA NA NA NA NA NA NA NA NA NA NA NA NA NA NA NA NA NA NA NA NA NA NA NA NA NA NA NA NA NA NA NA NA NA NA 
NA NA NA NA NA NA NA 108 108 108 108 108 108 108 108 108 108 108 108 108 108 107 107 107 107 107 107 106.25 106 106 106 106 106 106 106 106 106 106 106 106 106 106 106 106 106 105 106 106 106 106 105.75 105 105 105 105 105 105 105 105 105 105 105 105 104.75 104 104 104 104 104 104 104 102.25 102 102 102 102 102 102 102 101.75 101 101 101 101 101 101 101 100.75 100 100 100 100 100 100 100 99.25 100 100 99.25 99 99 99 99 99 99 98.5 98 98 98 98 98 98 97.75 97 97 97 97 97 97 NA NA NA NA NA NA NA NA NA NA NA NA NA NA NA NA NA NA NA NA NA NA NA NA NA NA NA NA NA NA NA NA NA NA NA NA NA NA NA NA NA NA NA NA NA NA NA NA NA NA NA NA NA NA NA NA NA NA NA NA NA NA NA NA NA NA NA NA NA NA NA NA NA NA NA NA NA NA NA NA NA NA NA NA NA NA NA NA NA NA NA NA NA NA NA NA NA NA NA NA NA NA NA NA NA NA NA NA NA NA NA NA NA NA NA NA NA NA NA NA NA NA NA NA NA NA NA NA NA NA NA NA 
NA NA NA NA NA NA NA NA NA 108 108 108 108 108 108 108 108 108 108 108 108 107 107 107 107 107 107 107 106 106 106 106 106 106 106 106 106 106 106 106 106 106 106 106 106 105.75 106 106 106 106 106 106 105.25 105 105 105 105 105 105 105 105 105 105 105 105 104.5 104 104 104 104 104 103 102.5 102 102 102 102 102 102 102 101.75 101 101 101 101 101 101 101 100.75 100 100 100 100 100 100 99.75 100 100 100 99.25 99 99 99 99 99 99 98.25 98 98 98 98 98 98 97.5 97 97 97 97 97 NA NA NA NA NA NA NA NA NA NA NA NA NA NA NA NA NA NA NA NA NA NA NA NA NA NA NA NA NA NA NA NA NA NA NA NA NA NA NA NA NA NA NA NA NA NA NA NA NA NA NA NA NA NA NA NA NA NA NA NA NA NA NA NA NA NA NA NA NA NA NA NA NA NA NA NA NA NA NA NA NA NA NA NA NA NA NA NA NA NA NA NA NA NA NA NA NA NA NA NA NA NA NA NA NA NA NA NA NA NA NA NA NA NA NA NA NA NA NA NA NA NA NA NA NA NA NA NA NA NA NA NA 
NA NA NA NA NA NA NA NA 108 108 108 108 108 108 108 108 108 108 108 108 108 107 107 107 107 107 107 107 106.75 106 106 106 106 106 106 106 106 106 106 106 106 106 106 106 106 106 106 106 106 106 106 106 106 105.5 105.25 105 105 105 105 105 105 105 105 105 105 105 104.75 104 104 104 104 103 103 102.75 102 102 102 102 102 102 102 101.75 101 101 101 101 101 101 101 100.75 100 100 100 100 100 100 100 100 100 99.75 99 99 99 99 99 99 99 98.25 98 98 98 98 98 98 97.25 97 97 97 97 NA NA NA NA NA NA NA NA NA NA NA NA NA NA NA NA NA NA NA NA NA NA NA NA NA NA NA NA NA NA NA NA NA NA NA NA NA NA NA NA NA NA NA NA NA NA NA NA NA NA NA NA NA NA NA NA NA NA NA NA NA NA NA NA NA NA NA NA NA NA NA NA NA NA NA NA NA NA NA NA NA NA NA NA NA NA NA NA NA NA NA NA NA NA NA NA NA NA NA NA NA NA NA NA NA NA NA NA NA NA NA NA NA NA NA NA NA NA NA NA NA NA NA NA NA NA NA NA NA NA NA NA 
NA NA NA NA NA NA NA 108 108 108 108 108 108 108 108 108 108 108 108 108 108 107 107 107 107 107 107 107 107 106.25 106 106 106 106 106 106 106 106 106 106 106 106 106 106 106 106 106 106 106 106 106 106 106 106 106 105.5 105 105 105 105 105 105 105 105 105 105 105 104.75 104.25 104 104 103 103 103 102.75 102 102 102 102 102 102 102 102 101 101 101 101 101 101 101 100.25 100 100 100 100 100 100 100 100 100 99.5 99 99 99 99 99 99 98.75 98 98 98 98 98 98 98 97.25 97 97 NA NA NA NA NA NA NA NA NA NA NA NA NA NA NA NA NA NA NA NA NA NA NA NA NA NA NA NA NA NA NA NA NA NA NA NA NA NA NA NA NA NA NA NA NA NA NA NA NA NA NA NA NA NA NA NA NA NA NA NA NA NA NA NA NA NA NA NA NA NA NA NA NA NA NA NA NA NA NA NA NA NA NA NA NA NA NA NA NA NA NA NA NA NA NA NA NA NA NA NA NA NA NA NA NA NA NA NA NA NA NA NA NA NA NA NA NA NA NA NA NA NA NA NA NA NA NA NA NA NA NA NA NA 
NA NA NA NA NA 108 108 108 108 108 108 108 108 108 108 108 108 108 108 108 108 107 107 107 107 107 107 107 107 107 106 106 106 106 106 106 106 106 106 106 106 106 106 106 106 106 106 106 106 106 106 106 106 106 106 106 105.75 105 105 105 105 105 105 105 105 105 105 105 105 104.25 104 103 103 103 103 102.75 102 102 102 102 102 102 102 101.75 101 101 101 101 101 101 101 100.25 100 100 100 100 100 100 100 100 100 99.25 99 99 99 99 99 99 98.25 98 98 98 98 98 98 97.75 97 NA NA NA NA NA NA NA NA NA NA NA NA NA NA NA NA NA NA NA NA NA NA NA NA NA NA NA NA NA NA NA NA NA NA NA NA NA NA NA NA NA NA NA NA NA NA NA NA NA NA NA NA NA NA NA NA NA NA NA NA NA NA NA NA NA NA NA NA NA NA NA NA NA NA NA NA NA NA NA NA NA NA NA NA NA NA NA NA NA NA NA NA NA NA NA NA NA NA NA NA NA NA NA NA NA NA NA NA NA NA NA NA NA NA NA NA NA NA NA NA NA NA NA NA NA NA NA NA NA NA NA NA NA NA 
NA NA NA NA NA NA 108 108 108 108 108 108 108 108 108 108 108 108 108 108 108 107 107 107 107 107 107 107 107 107 106.5 106 106 106 106 106 106 106 106 106 106 106 106 106 106 106 106 106 106 106 106 106 106 106 106 106 106 106 105.5 105 105 105 105 105 105 105 105 105 105 105 104.25 103 103 103 103 103 102.75 102 102 102 102 102 102 102 101.75 101 101 101 101 101 101 101 100.25 100 100 100 100 100 100 100 100 100 99 99 99 99 99 99 99 98 98 98 98 98 98 98 97 NA NA NA NA NA NA NA NA NA NA NA NA NA NA NA NA NA NA NA NA NA NA NA NA NA NA NA NA NA NA NA NA NA NA NA NA NA NA NA NA NA NA NA NA NA NA NA NA NA NA NA NA NA NA NA NA NA NA NA NA NA NA NA NA NA NA NA NA NA NA NA NA NA NA NA NA NA NA NA NA NA NA NA NA NA NA NA NA NA NA NA NA NA NA NA NA NA NA NA NA NA NA NA NA NA NA NA NA NA NA NA NA NA NA NA NA NA NA NA NA NA NA NA NA NA NA NA NA NA NA NA NA NA NA 
NA NA NA NA NA 108 108 108 108 108 108 108 108 108 108 108 108 108 108 108 108 107 107 107 107 107 107 107 107 107 107 106 106 106 106 106 106 106 106 106 106 106 106 106 106 106 106 106 106 106 106 106 106 106 106 106 106 106 106 106 105.25 105 105 105 105 105 105 105 105 105 105 103 103 103 103 103 103 102.75 102 102 102 102 102 102 102 101.5 101 101 101 101 101 101 100.75 100 100 100 100 100 100 100 100 100 99.5 99 99 99 99 99 99 98.5 98 98 98 98 98 98 97.75 97 97 NA NA NA NA NA NA NA NA NA NA NA NA NA NA NA NA NA NA NA NA NA NA NA NA NA NA NA NA NA NA NA NA NA NA NA NA NA NA NA NA NA NA NA NA NA NA NA NA NA NA NA NA NA NA NA NA NA NA NA NA NA NA NA NA NA NA NA NA NA NA NA NA NA NA NA NA NA NA NA NA NA NA NA NA NA NA NA NA NA NA NA NA NA NA NA NA NA NA NA NA NA NA NA NA NA NA NA NA NA NA NA NA NA NA NA NA NA NA NA NA NA NA NA NA NA NA NA NA NA NA NA NA 
NA NA NA NA 108 108 108 108 108 108 108 108 108 108 108 108 108 108 108 108 108 107 107 107 107 107 107 107 107 107 107 106.5 106 106 106 106 106 106 106 106 106 106 106 106 106 106 106 106 106 106 106 106 106 106 106 106 106 106 106 106 106 105.5 105 105 105 105 105 105 105 105 105 103 103 103 103 103 103 103 102.5 102 102 102 102 102 102 102 101.25 101 101 101 101 101 101 100.5 100 100 100.25 100 100 100 100 100 100 99.25 99 99 99 99 99 99 98.25 98 98 98 98 98 98 97.25 97 97 NA NA NA NA NA NA NA NA NA NA NA NA NA NA NA NA NA NA NA NA NA NA NA NA NA NA NA NA NA NA NA NA NA NA NA NA NA NA NA NA NA NA NA NA NA NA NA NA NA NA NA NA NA NA NA NA NA NA NA NA NA NA NA NA NA NA NA NA NA NA NA NA NA NA NA NA NA NA NA NA NA NA NA NA NA NA NA NA NA NA NA NA NA NA NA NA NA NA NA NA NA NA NA NA NA NA NA NA NA NA NA NA NA NA NA NA NA NA NA NA NA NA NA NA NA NA NA NA NA NA NA 
NA NA NA NA NA NA 108 108 108 108 108 NA NA 108 108 108 108 108 108 108 108 107 107 107 107 107 107 107 107 107 107 106.5 106 106 106 106 106 106 106 106 106 106 106 106 106 106 106 106 106 106 106 106 106 106 106 106 106 106 106 106 106 106 105.75 105 105 105 105 105 105 105 105 103.75 103 103 103 103 103 103 103 102.25 102 102 102 102 102 102 102 101.25 101 101 101 101 101 101 100.25 100 100.75 100 100 100 100 100 100 99.75 99 99 99 99 99 99 98.75 98 98 98 98 98 98 97.75 97 97 97 NA NA NA NA NA NA NA NA NA NA NA NA NA NA NA NA NA NA NA NA NA NA NA NA NA NA NA NA NA NA NA NA NA NA NA NA NA NA NA NA NA NA NA NA NA NA NA NA NA NA NA NA NA NA NA NA NA NA NA NA NA NA NA NA NA NA NA NA NA NA NA NA NA NA NA NA NA NA NA NA NA NA NA NA NA NA NA NA NA NA NA NA NA NA NA NA NA NA NA NA NA NA NA NA NA NA NA NA NA NA NA NA NA NA NA NA NA NA NA NA NA NA NA NA NA NA NA NA NA NA 
NA NA NA NA NA NA NA NA 108 108 NA NA NA 107.5 107.5 107.6667 108 108 108 108 108 107 107 107 107 107 107 107 107 107 107 107 106 106 106 106 106 106 106 106 106 106 106 106 106 106 106 106 106 106 106 106 106 106 106 106 106 106 106 106 106 106 106 106 105.25 105 105 105 105 105 105 104 103.75 103 103 103 103 103 103 103 102.25 102 102 102 102 102 102 101.75 101 101 101 101 101 101 100.75 100 101 100.5 100 100 100 100 100 100 99.25 99 99 99 99 99 99 98.25 98 98 98 98 98 98 97.25 97 97 NA NA NA NA NA NA NA NA NA NA NA NA NA NA NA NA NA NA NA NA NA NA NA NA NA NA NA NA NA NA NA NA NA NA NA NA NA NA NA NA NA NA NA NA NA NA NA NA NA NA NA NA NA NA NA NA NA NA NA NA NA NA NA NA NA NA NA NA NA NA NA NA NA NA NA NA NA NA NA NA NA NA NA NA NA NA NA NA NA NA NA NA NA NA NA NA NA NA NA NA NA NA NA NA NA NA NA NA NA NA NA NA NA NA NA NA NA NA NA NA NA NA NA NA NA NA NA NA NA NA 
NA NA NA NA NA NA NA NA NA NA NA NA NA NA NA NA NA 108 108 108 107.75 107 107 107 107 107 107 107 107 107 107 107 106.5 106 106 106 106 106 106 106 106 106 106 106 106 106 106 106 106 106 106 106 106 106 106 106 106 106 106 106 106 106 106 106 106 105.25 105 105 105 105 105 104 104 103 103 103 103 103 103 103 102.75 102 102 102 102 102 102 102 101.5 101 101 101 101 101 101 100.5 101 100.75 100 100 100 100 100 100 99.75 99 99 99 99 99 99 98.5 98 98 98 98 98 98 97.5 97 NA NA NA NA NA NA NA NA NA NA NA NA NA NA NA NA NA NA NA NA NA NA NA NA NA NA NA NA NA NA NA NA NA NA NA NA NA NA NA NA NA NA NA NA NA NA NA NA NA NA NA NA NA NA NA NA NA NA NA NA NA NA NA NA NA NA NA NA NA NA NA NA NA NA NA NA NA NA NA NA NA NA NA NA NA NA NA NA NA NA NA NA NA NA NA NA NA NA NA NA NA NA NA NA NA NA NA NA NA NA NA NA NA NA NA NA NA NA NA NA NA NA NA NA NA NA NA NA NA NA NA 
NA NA NA NA NA NA NA NA NA NA NA NA NA NA NA NA NA 108 108 107.75 107.25 107 107 107 107 107 107 107 107 107 107 107 106.5 106 106 106 106 106 106 106 106 106 106 106 106 106 106.75 106 106 106 106 106 106 106 106 106 106 106 106 106 106 106 106 106 106 106 105.5 105 105 105 105 104 104 104 103.25 103 103 103 103 103 103 102.75 102 102 102 102 102 102 102 101.25 101 101 101 101 101 101 101 101 100.25 100 100 100 100 100 100 99.25 99 99 99 99 99 99 98 98 98 98 98 98 NA NA NA NA NA NA NA NA NA NA NA NA NA NA NA NA NA NA NA NA NA NA NA NA NA NA NA NA NA NA NA NA NA NA NA NA NA NA NA NA NA NA NA NA NA NA NA NA NA NA NA NA NA NA NA NA NA NA NA NA NA NA NA NA NA NA NA NA NA NA NA NA NA NA NA NA NA NA NA NA NA NA NA NA NA NA NA NA NA NA NA NA NA NA NA NA NA NA NA NA NA NA NA NA NA NA NA NA NA NA NA NA NA NA NA NA NA NA NA NA NA NA NA NA NA NA NA NA NA NA NA NA NA 
NA NA NA NA NA NA NA NA NA NA 108 108 108 108 108 108 108 108 108 107.5 107 107 107 107 107 107 107 107 107 107 107 107 106.5 106 106 106 106 106 106 106 106 106 106 106 106 106 107 106.75 106.25 106 106 106 106 106 106 106 106 106 106 106 106 106 106 106 106 106 106 105.75 105 105 105 104 104 104 103.5 103 103 103 103 103 103 103 102.5 102 102 102 102 102 102 101.75 101 101 101 101 101 101 101 101 100.75 100 100 100 100 100 100 99.5 99 99 99 99 99 99 98.5 98 98 98 98 98 98 97.5 97 NA NA NA NA NA NA NA NA NA NA NA NA NA NA NA NA NA NA NA NA NA NA NA NA NA NA NA NA NA NA NA NA NA NA NA NA NA NA NA NA NA NA NA NA NA NA NA NA NA NA NA NA NA NA NA NA NA NA NA NA NA NA NA NA NA NA NA NA NA NA NA NA NA NA NA NA NA NA NA NA NA NA NA NA NA NA NA NA NA NA NA NA NA NA NA NA NA NA NA NA NA NA NA NA NA NA NA NA NA NA NA NA NA NA NA NA NA NA NA NA NA NA NA NA NA NA NA NA NA NA 
NA NA NA NA NA NA NA NA NA NA 108 108 108 108 108 108 108 108 107.75 107 107 107 107 107 107 107 107 107 107 107 107 107 106 106 106 106 106 106 106 106 106 106 106 106 106 106 107 107 107 106.75 106.25 106 106 106 106 106 106 106 106 106 106 106 106 106 106 106 106 106 105.25 105 105 104 104 104 104 103.5 103 103 103 103 103 103 103 102 102 102 102 102 102 102 101.25 101 101 101 101 101 101 101 101 100 100 100 100 100 100 100 99 99 99 99 99 99 99 98 98 98 98 98 98 97.75 97 97 97 NA NA NA NA NA NA NA NA NA NA NA NA NA NA NA NA NA NA NA NA NA NA NA NA NA NA NA NA NA NA NA NA NA NA NA NA NA NA NA NA NA NA NA NA NA NA NA NA NA NA NA NA NA NA NA NA NA NA NA NA NA NA NA NA NA NA NA NA NA NA NA NA NA NA NA NA NA NA NA NA NA NA NA NA NA NA NA NA NA NA NA NA NA NA NA NA NA NA NA NA NA NA NA NA NA NA NA NA NA NA NA NA NA NA NA NA NA NA NA NA NA NA NA NA NA NA NA NA 
NA NA NA NA NA NA NA NA NA NA 108 108 108 108 108 108 108 107.75 107 107 107 107 107 107 107 107 107 107 107 107 107 106.75 106 106 106 106 106 106 106 106 106 106 106 106 106 106 107 107 107 107 107 107 106.5 106 106 106 106 106 106 106 106 106 106 106 106 106 106 106 106 105.25 105 104 104 104 104 103.75 103 103 103 103 103 103 103 102.5 102 102 102 102 102 102 101.75 101 101 101 101 101 101 101 101 100.5 100 100 100 100 100 100 99.25 99 99 99 99 99 99 98 98 98 98 98 98 98 97 97 97 97 NA NA NA NA NA NA NA NA NA NA NA NA NA NA NA NA NA NA NA NA NA NA NA NA NA NA NA NA NA NA NA NA NA NA NA NA NA NA NA NA NA NA NA NA NA NA NA NA NA NA NA NA NA NA NA NA NA NA NA NA NA NA NA NA NA NA NA NA NA NA NA NA NA NA NA NA NA NA NA NA NA NA NA NA NA NA NA NA NA NA NA NA NA NA NA NA NA NA NA NA NA NA NA NA NA NA NA NA NA NA NA NA NA NA NA NA NA NA NA NA NA NA NA NA NA NA NA 
NA NA NA NA NA NA NA NA NA NA NA 108 108 108 108 107.75 107.25 107 107 107 107 107 107 107 107 107 107 107 107 107 106.5 106 106 106 106 106 106 106 106 106 106 106 106 106 106 106 107 107 107 107 107 107 107 107 106.5 106.25 106 106 106 106 106 106 106 106 106 106 106 106 106 105.75 105 104 104 104 104 104 103.25 103 103 103 103 103 103 102.75 102 102 102 102 102 102 102 101.25 101 101 101 101 101 101 101 100.75 100 100 100 100 100 100 99.5 99 99 99 99 99 99 98.5 98 98 98 98 98 98 97 97 97 NA NA NA NA NA NA NA NA NA NA NA NA NA NA NA NA NA NA NA NA NA NA NA NA NA NA NA NA NA NA NA NA NA NA NA NA NA NA NA NA NA NA NA NA NA NA NA NA NA NA NA NA NA NA NA NA NA NA NA NA NA NA NA NA NA NA NA NA NA NA NA NA NA NA NA NA NA NA NA NA NA NA NA NA NA NA NA NA NA NA NA NA NA NA NA NA NA NA NA NA NA NA NA NA NA NA NA NA NA NA NA NA NA NA NA NA NA NA NA NA NA NA NA NA NA NA NA NA 
NA NA NA NA NA NA NA NA NA NA NA NA NA 108 108 108 107.5 107.5 107.5 107.5 107.5 107.5 107.5 107.5 107.5 107.5 107.5 107.5 107.5 107.25 107 107 107 107 107 107 107 107 107 107 107 107 107 107 107 107 106.5 106.5 106.5 106.5 106.5 106.5 106.5 106.5 106.5 106.5 106.5 106 106 105.5 105.5 105.5 105.5 105.5 105.5 105.5 105.5 105.5 105.5 105.25 104.75 104 104 104 104 104 103.75 103 103 103 103 103 103 102.75 102 102 102 102 102 102 102 101.25 101 101 101 101 101 101 101 101 100 100 100 100 100 100 99.75 99 99 99 99 99 99 98.25 98 98 98 98 98 97.75 97.25 97 97 97 96.33334 96 NA NA NA NA NA NA NA NA NA NA NA NA NA NA NA NA NA NA NA NA NA NA NA NA NA NA NA NA NA NA NA NA NA NA NA NA NA NA NA NA NA NA NA NA NA NA NA NA NA NA NA NA NA NA NA NA NA NA NA NA NA NA NA NA NA NA NA NA NA NA NA NA NA NA NA NA NA NA NA NA NA NA NA NA NA NA NA NA NA NA NA NA NA NA NA NA NA NA NA NA NA NA NA NA NA NA NA NA NA NA NA NA NA NA NA NA NA NA NA NA NA NA NA NA NA 
NA NA NA NA NA NA NA NA NA NA 108 108 108 108 108 108 108 108 108 108 108 108 108 108 108 108 108 108 108 108 108 108 108 108 108 108 108 108 108 108 108 108 108 108 108 108 106 106 106 106 106 106 106 106 106 106 106 106 106 105.75 105.25 105 105 105 105 105 105 105 105 104.75 104 104 104 104 104 104 103.75 103 103 103 103 103 103 102.5 102 102 102 102 102 102 102 101 101 101 101 101 101 101 101 101 100 100 100 100 100 100 99.5 99 99 99 99 99 99 98 98 98 98 98 98 97.5 97 97 97 97 96 96 96 NA NA NA NA NA NA NA NA NA NA NA NA NA NA NA NA NA NA NA NA NA NA NA NA NA NA NA NA NA NA NA NA NA NA NA NA NA NA NA NA NA NA NA NA NA NA NA NA NA NA NA NA NA NA NA NA NA NA NA NA NA NA NA NA NA NA NA NA NA NA NA NA NA NA NA NA NA NA NA NA NA NA NA NA NA NA NA NA NA NA NA NA NA NA NA NA NA NA NA NA NA NA NA NA NA NA NA NA NA NA NA NA NA NA NA NA NA NA NA NA NA NA NA NA 
NA NA NA NA NA NA NA NA NA 108 108 108 108 108 108 108 108 108 108 108 108 108 108 108 108 108 108 108 108 108 108 108 108 108 108 108 108 108 108 108 108 108 108 108 108 108 106 106 106 106 106 106 106 106 106 106 106 106 106 106 106 105.5 105 105 105 105 105 105 105 105 104 104 104 104 104 104 104 103 103 103 103 103 103 102.75 102 102 102 102 102 102 102 101 101 101 101 101 101 101 101 101 100 100 100 100 100 100 99.75 99 99 99 99 99 99 98 98 98 98 98 98 97.5 97 97 97 97 96 96 96 96 NA NA NA NA NA NA NA NA NA NA NA NA NA NA NA NA NA NA NA NA NA NA NA NA NA NA NA NA NA NA NA NA NA NA NA NA NA NA NA NA NA NA NA NA NA NA NA NA NA NA NA NA NA NA NA NA NA NA NA NA NA NA NA NA NA NA NA NA NA NA NA NA NA NA NA NA NA NA NA NA NA NA NA NA NA NA NA NA NA NA NA NA NA NA NA NA NA NA NA NA NA NA NA NA NA NA NA NA NA NA NA NA NA NA NA NA NA NA NA NA NA NA NA 
NA NA NA NA NA NA NA NA NA NA 108 108 108 108 108 108 108 108 108 108 108 108 108 108 108 108 108 108 108 108 108 108 108 108 108 108 108 108 108 108 108 108 108 108 108 108 106 106 106 106 106 106 106 106 106 106 106 106 106 106 106 106 105.75 105 105 105 105 105 105 105 104.5 104 104 104 104 104 104 103 103 103 103 103 103 103 102 102 102 102 102 102 102 101 101 101 101 101 101 101 101 101 100.5 100 100 100 100 100 100 99 99 99 99 99 99 98 98 98 98 98 98 97.75 97 97 97 97 96.5 96 96 96 96 NA NA NA NA NA NA NA NA NA NA NA NA NA NA NA NA NA NA NA NA NA NA NA NA NA NA NA NA NA NA NA NA NA NA NA NA NA NA NA NA NA NA NA NA NA NA NA NA NA NA NA NA NA NA NA NA NA NA NA NA NA NA NA NA NA NA NA NA NA NA NA NA NA NA NA NA NA NA NA NA NA NA NA NA NA NA NA NA NA NA NA NA NA NA NA NA NA NA NA NA NA NA NA NA NA NA NA NA NA NA NA NA NA NA NA NA NA NA NA NA NA NA 
NA NA NA NA NA NA NA NA NA NA NA NA 108 108 108 108 108 108 108 108 108 108 108 108 107.75 108 108 107.5 108 108 108 108 108 108 108 108 108 108 108 108 108 108 108 108 108 108 106 106 106 106 106 106 106 106 106 106 106 106 106 106 106 106 106 105.5 105 105 105 105 105 105 104.5 104 104 104 104 104 104 103.5 103 103 103 103 103 103 102.25 102 102 102 102 102 102 101.5 101 101 101 101 101 101 101 101 100.5 100 100 100 100 100 100 99 99 99 99 99 99 98.25 98 98 98 98 98 98 97 97 97 97 96.5 96 96 96 96 96 NA NA NA NA NA NA NA NA NA NA NA NA NA NA NA NA NA NA NA NA NA NA NA NA NA NA NA NA NA NA NA NA NA NA NA NA NA NA NA NA NA NA NA NA NA NA NA NA NA NA NA NA NA NA NA NA NA NA NA NA NA NA NA NA NA NA NA NA NA NA NA NA NA NA NA NA NA NA NA NA NA NA NA NA NA NA NA NA NA NA NA NA NA NA NA NA NA NA NA NA NA NA NA NA NA NA NA NA NA NA NA NA NA NA NA NA NA NA NA NA NA 
NA NA NA NA NA NA NA NA NA NA NA NA NA NA NA NA NA 108 108 108 108 107.25 107 107 107 107 107 107 107 107 107 107 107 107 107 107 107 107 107 107 107 107 107.5 107.5 107.5 107.5 106 106 106 106 106 106 106 106 106 106 106 106 106 106 106 106 106 105.5 105 105 105 105 105 105 104.75 104 104 104 104 104 104 103.5 103 103 103 103 103 103 102.5 102 102 102 102 102 102 101.5 101 101 101 101 101 101 101 101 100.5 100 100 100 100 100 100 99 99 99 99 99 99 98.25 98 98 98 98 98 98 97 97 97 97 96.5 96 96 96 96 96 95.5 95 NA NA 95 NA NA NA NA NA NA NA NA NA NA NA NA NA NA NA NA NA NA NA NA NA NA NA NA NA NA NA NA NA NA NA NA NA NA NA NA NA NA NA NA NA NA NA NA NA NA NA NA NA NA NA NA NA NA NA NA NA NA NA NA NA NA NA NA NA NA NA NA NA NA NA NA NA NA NA NA NA NA NA NA NA NA NA NA NA NA NA NA NA NA NA NA NA NA NA NA NA NA NA NA NA NA NA NA NA NA NA NA NA NA NA NA NA NA NA NA 
NA NA NA NA NA NA NA NA NA NA NA NA NA NA NA NA NA 108 108 108 108 107 107 107 107 107 107 107 107 107 107 107 107 107 107 107 107 107 107 107 107 107 107 107 107 107 106 106 106 106 106 106 106 106 106 106 106 106 106 106 106 106 105.5 105 105 105 105 105 105 105 104.25 104 104 104 104 104 104 103.25 103 103 103 103 103 103 102 102 102 102 102 102 102 101.5 101 101 101 101 101 101 101 101 100.5 100 100 100 100 100 100 99 99 99 99 99 99 98.5 98 98 98 98 98 98 97 97 97 97 96.5 96 96 96 96 96 95.5 95 95 95 95 95 NA NA NA NA 94 94 NA NA NA NA NA NA NA NA NA NA NA NA NA NA NA NA NA NA NA NA NA NA NA NA NA NA NA NA NA NA NA NA NA NA NA NA NA NA NA NA NA NA NA NA NA NA NA NA NA NA NA NA NA NA NA NA NA NA NA NA NA NA NA NA NA NA NA NA NA NA NA NA NA NA NA NA NA NA NA NA NA NA NA NA NA NA NA NA NA NA NA NA NA NA NA NA NA NA NA NA NA NA NA NA NA NA NA NA NA 
NA NA NA NA NA NA NA NA NA NA NA NA NA NA NA NA NA 107.6667 107.75 108 108 107 107 107 107 107 107 107 107 107 107 107 107 107 107 107 107 107 107 107 107 107 107 107 107 107 106 106 106 106 106 106 106 106 106 106 106 106 106 106 105.5 105 105 105 105 105 105 105 105 105 104 104 104 104 104 104 104 103 103 103 103 103 102.25 102 102 102 102 102 102 102 102 101.5 101 101 101 101 101 101 101 101 100.5 100 100 100 100 100 100 99 99 99 99 99 99 98.5 98 98 98 98 98 98 97 97 97 97 96.75 96 96 96 96 96 95.5 95 95 95 95 95 94 94 94 94 94 93.5 NA NA NA NA NA NA NA NA NA NA NA NA NA NA NA NA NA NA NA NA NA NA NA NA NA NA NA NA NA NA NA NA NA NA NA NA NA NA NA NA NA NA NA NA NA NA NA NA NA NA NA NA NA NA NA NA NA NA NA NA NA NA NA NA NA NA NA NA NA NA NA NA NA NA NA NA NA NA NA NA NA NA NA NA NA NA NA NA NA NA NA NA NA NA NA NA NA NA NA NA NA NA NA NA NA NA NA NA NA 
NA NA NA NA NA NA NA NA NA NA NA NA NA NA NA NA NA NA NA 107 107.5 107 107 107 107 107 107 107 107 107 107 107 107 107 107 107 107 107 107 107 107 107 107 107 107 107 105.5 105.5 105.5 105.5 105.5 105.5 105.5 105.5 105.5 105.5 105.5 105.5 105.5 105 105 105 105 105 105 105 105 105 105 104.25 104 104 104 104 104 104 104 103 103 103 103 103 103 102.75 102 102 102 102 102 102 102 101.5 101 101 101 101 101 101 101 101 100.5 100 100 100 100 100 100 99 99 99 99 99 99 98.5 98 98 98 98 98 98 97 97 97 97 97 96 96 96 96 96 95.5 95 95 95 95 95 94 94 94 94 94 93.5 93 NA NA NA NA NA NA NA NA NA NA NA NA NA NA NA NA NA NA NA NA NA NA NA NA NA NA NA NA NA NA NA NA NA NA NA NA NA NA NA NA NA NA NA NA NA NA NA NA NA NA NA NA NA NA NA NA NA NA NA NA NA NA NA NA NA NA NA NA NA NA NA NA NA NA NA NA NA NA NA NA NA NA NA NA NA NA NA NA NA NA NA NA NA NA NA NA NA NA NA NA NA NA NA NA NA NA NA NA 
NA NA NA NA NA NA NA NA NA NA NA NA NA NA NA NA NA NA NA NA NA NA 107 107 107 107 107 107 107 107 107 107 107 107 107 107 107 107 107 107 107 107 107 107 107 107 105 105 105 105 105 105 105 105 105 105 105 105 105 105 105 105 105 105 105 105 105 105 104.5 104 104 104 104 104 104 104 103.5 103 103 103 103 103 103 103 102.75 102 102 102 102 102 102 101.25 101 101 101 101 101 101 101 101 100.25 100 100 100 100 100 99.75 99 99 99 99 99 99 98.5 98 98 98 98 98 98 97 97 97 97 97 96 96 96 96 96 95.5 95 95 95 95 95 94 94 94 94 94 93.5 93 93 NA NA NA NA NA NA NA NA NA NA NA NA NA NA NA NA NA NA NA NA NA NA NA NA NA NA NA NA NA NA NA NA NA NA NA NA NA NA NA NA NA NA NA NA NA NA NA NA NA NA NA NA NA NA NA NA NA NA NA NA NA NA NA NA NA NA NA NA NA NA NA NA NA NA NA NA NA NA NA NA NA NA NA NA NA NA NA NA NA NA NA NA NA NA NA NA NA NA NA NA NA NA NA NA NA NA NA 
NA NA NA NA NA NA NA NA NA NA NA NA NA NA NA NA NA NA NA NA NA NA NA NA NA 107 106.5 106.75 107 106.75 106.75 107 107 107 107 107 107 107 107 107 107 107 107 107 107 107 105 105 105 105 105 105 105 105 105 105 105 105 105 105 105 105 105 105 104.75 105 105 104.25 104 104 104 104 104 104 104 104 103.25 103 103 103 103 103 103 102.75 102.25 102 102 102 102 101.5 102 101 101 101 101 101 101 101 101 101 100.25 100 100 100 100 100 99.75 99 99 99 99 99 99 98.5 98 98 98 98 98 98 97 97 97 97 97 96 96 96 96 96 95.5 95 95 95 95 95 94 94 94 94 94 93.5 93 93 93 NA NA NA NA NA NA NA NA NA NA NA NA NA NA NA NA NA NA NA NA NA NA NA NA NA NA NA NA NA NA NA NA NA NA NA NA NA NA NA NA NA NA NA NA NA NA NA NA NA NA NA NA NA NA NA NA NA NA NA NA NA NA NA NA NA NA NA NA NA NA NA NA NA NA NA NA NA NA NA NA NA NA NA NA NA NA NA NA NA NA NA NA NA NA NA NA NA NA NA NA NA NA NA NA NA NA 
NA NA NA NA NA NA NA NA NA NA NA NA NA NA NA NA NA NA NA NA NA NA NA NA NA NA NA NA 106 106 106 106 106 106.5 107 107 106.3333 106 106 106 106.25 106 106.5 106.5 106.75 107 105 105 105 105 105 105 105 105 105 105 105 105 105 105 105 104.5 104.75 104.5 104 104 104 104 104 104 104 104 104 104 104 103.75 103 103 103 103 103 102.75 102.25 102 102 102 102 102 102 101 101 101 101 101 101 101 101 101 101 101 100 100 100 100 100 100 99.5 99 99 99 99 99 99 98 98 98 98 98 98 97.75 97 97 97 97 97 96 96 96 96 96 95.5 95 95 95 95 95 94 94 94 94 94 93.5 93 93 93 93 92.66666 92 92 92 92 92 NA NA NA NA NA NA NA NA NA NA NA NA NA NA NA NA NA NA NA NA NA NA NA NA NA NA NA NA NA NA NA NA NA NA NA NA NA NA NA NA NA NA NA NA NA NA NA NA NA NA NA NA NA NA NA NA NA NA NA NA NA NA NA NA NA NA NA NA NA NA NA NA NA NA NA NA NA NA NA NA NA NA NA NA NA NA NA NA NA NA NA NA NA NA NA NA NA NA NA 
NA NA NA NA NA NA NA NA NA NA NA NA NA NA NA NA NA NA NA NA NA NA NA NA NA NA NA NA NA NA NA NA NA NA NA NA NA 106 106 106 106 106 106 106 106 106 105 104.75 105 105 105 104.75 104.5 104.5 104.75 104.5 104.5 104.5 104.5 104 104 104 104.25 104 104 104 104 104 104 104 104 104 104 104 104 103 103 103 103 103 103 103 102.25 102 102 102 102 102 102 101.5 101 101 101 101 101 101 101 101 101 100.75 100 100 100 100 100 100 99.75 99 99 99 99 99 98.75 98 98 98 98 98 98 97 97 97 97 97 96.75 96 96 96 96 96 95.25 95 95 95 95 94.5 94 94 94 94 94 93.25 93 93 93 93 92.5 92 92 92 92 91.25 91 91 91 91 90.5 NA NA NA NA NA NA NA NA NA NA NA NA NA NA NA NA NA NA NA NA NA NA NA NA NA NA NA NA NA NA NA NA NA NA NA NA NA NA NA NA NA NA NA NA NA NA NA NA NA NA NA NA NA NA NA NA NA NA NA NA NA NA NA NA NA NA NA NA NA NA NA NA NA NA NA NA NA NA NA NA NA NA NA NA NA NA NA NA NA NA NA NA NA NA 
NA NA NA NA NA NA NA NA NA NA NA NA NA NA NA NA NA NA NA NA NA 106 106 NA NA NA NA NA 106 106 NA NA NA NA NA NA NA NA 106 106 106 106 106 106 106 106 104.75 104.5 104.75 104.5 105 104.25 104 104 104 104 104.25 104.25 104 104 104 104 104 104 104 104 104 104 104 104 104 104 104 104 103.25 103 103 103 103 103 103 102.75 102.25 102 102 102 102 102 102 101.5 101.25 101 101 101 101 101 101 101 101 100.5 100 100 100 100 100 100 99.5 99 99 99 99 99 98.5 98 98 98 98 98 97.75 97 97 97 97 97 96.5 96 96 96 96 96 95 95 95 95 95 94.5 94 94 94 94 94 93 93 93 93 93 92.5 92 92 92 92 91.25 91 91 91 91 90.25 90 90 NA NA NA NA NA NA NA NA NA NA NA NA NA NA NA NA NA NA NA NA NA NA NA NA NA NA NA NA NA NA NA NA NA NA NA NA NA NA NA NA NA NA NA NA NA NA NA NA NA NA NA NA NA NA NA NA NA NA NA NA NA NA NA NA NA NA NA NA NA NA NA NA NA NA NA NA NA NA NA NA NA NA NA NA NA NA NA NA NA NA NA NA 
NA NA NA NA NA NA NA NA NA NA NA NA NA NA NA NA NA NA NA NA NA NA 106 106 106 NA NA NA 106 106 106 NA NA NA NA NA NA 106 106 106 106 106 106 106 106 106 104.5 105 104.75 104.75 104.75 104.75 104.75 104.25 104 104 104 104 104.25 104 104.25 104 104 104 104 104 104 104 103.25 103 103.25 103.5 103 103 103 103 103 103 103 102.5 102 102 102 102 102 102 102 102 102 102 101.5 101 101 101 101 101 101 101 101 100.25 100 100 100 100 100 100 99.5 99 99 99 99 99 98.5 98 98 98 98 98 98 97 97 97 97 96.75 96 96 96 96 96 96 95 95 95 95 95 94.5 94 94 94 94 94 93 93 93 93 93 92.25 92 92 92 92 91 91 91 91 90.75 90 90 90 90 NA NA NA NA NA NA NA NA NA NA NA NA NA NA NA NA NA NA NA NA NA NA NA NA NA NA NA NA NA NA NA NA NA NA NA NA NA NA NA NA NA NA NA NA NA NA NA NA NA NA NA NA NA NA NA NA NA NA NA NA NA NA NA NA NA NA NA NA NA NA NA NA NA NA NA NA NA NA NA NA NA NA NA NA NA NA NA NA NA NA NA 
NA NA NA NA NA NA NA NA NA NA NA NA NA NA NA NA NA NA NA NA NA NA 106 106 106 106 106 106 106 106 106 106 106 106 106 106 106 106 106 106 106 106 106 106 106 106 104 104.5 104 104 104 104.25 104.5 104.75 104 104.25 104.25 104.5 104.25 104 104 104 104 104 104 104 103.75 103 104 103.25 103 103 103 103 103 103 103 103 102.5 102.5 102 102 102 102 101.75 101.75 102 102 102 102 101 101 101 101 101 101 101 101 101 100.5 100 100 100 100 100 100 99.5 99 99 99 99 99 99 98 98 98 98 98 98 97.25 97 97 97 96.5 96 96 96 96 96 96 95 95 95 95 95 94.5 94 94 94 94 93.5 93 93 93 93 93 92 92 92 92 91.5 91 91 90.5 90.5 90 90 90 90 90 90 89.5 NA NA NA NA NA NA NA NA NA NA NA NA NA NA NA NA NA NA NA NA NA NA NA NA NA NA NA NA NA NA NA NA NA NA NA NA NA NA NA NA NA NA NA NA NA NA NA NA NA NA NA NA NA NA NA NA NA NA NA NA NA NA NA NA NA NA NA NA NA NA NA NA NA NA NA NA NA NA NA NA NA NA NA NA NA NA NA NA NA 
NA NA NA NA NA NA NA NA NA NA NA NA NA NA NA NA NA NA NA NA NA 106 106 106 106 106 105.5 105.25 105.5 105.5 106 106 106 106 105.75 105.5 105.5 105.5 105.75 106 106 106 106 106 106 106 104 104 104 104 104.25 104.25 104.75 105 104.75 104.25 104 104 104 104.25 104.25 104.25 104 104 104 104 103.5 104 104 103.5 103 103 103 103 103 103 103 103 103 102 102 102 102 102 102 101.75 101 101.75 102 101.75 101 101 101 101 101 101 101 101 101 100 100 100 100 100 100 100 99 99 99 99 99 99 99 98 98 98 98 98 98 97.5 97 97 97 96.5 96 96 96 96 96 96 95 95 95 95 95 94 94 94 94 94 93.5 93 93 93 93 92.5 92 92 92 92 91 90.75 90.25 90.5 90 90 90 89.75 90 89.5 89 89 89 NA NA NA NA NA NA NA NA NA NA NA NA NA NA NA NA NA NA NA NA NA NA NA NA NA NA NA NA NA NA NA NA NA NA NA NA NA NA NA NA NA NA NA NA NA NA NA NA NA NA NA NA NA NA NA NA NA NA NA NA NA NA NA NA NA NA NA NA NA NA NA NA NA NA NA NA NA NA NA NA NA NA NA NA NA NA NA NA 
NA NA NA NA NA NA NA NA NA NA NA NA NA NA NA NA 106 106 106 106 106 105.75 105.25 105.25 105.25 105.25 105 105 105 106 105.75 105.25 105.25 105 105 105 105 105 105.25 105 105.25 105.5 105.5 105.5 105.75 105.5 104 104.5 104.5 104.5 104.5 104.5 104.25 104 104 104 104 104 103.5 104 104 104 103.5 103.75 103.25 103.25 103.5 103.25 103.5 103 103 103 103 103 103 103 103 103 103 102.5 102 102 102 102 102 102 101.75 101 101 101 101 101 101 101 101 101 101 101 100.75 100 100 100 100 100 100 100 99 99 99 99 99 99 98.5 98 98 98 98 98 98 97.5 97 97 97 96.75 96 96 96 96 96 95.5 95 95 95 95 95 94 94 94 94 94 93 93 93 93 93 92 92 92 92 91.25 91 90.75 91 90.75 90.5 90.75 90.5 89.75 89.5 89 89.25 89 NA NA NA NA NA NA NA NA NA NA NA NA NA NA NA NA NA NA NA NA NA NA NA NA NA NA NA NA NA NA NA NA NA NA NA NA NA NA NA NA NA NA NA NA NA NA NA NA NA NA NA NA NA NA NA NA NA NA NA NA NA NA NA NA NA NA NA NA NA NA NA NA NA NA NA NA NA NA NA NA NA NA NA NA NA NA NA NA NA 
NA NA NA NA NA NA NA NA NA NA NA NA NA NA NA NA 106 106 106 106 106 105 105 105 105 105 105 105 105 105 105 105 105 105 105 105 105 105 105 105 105 105 105 105 105 105 104 104 104 104 104 103.75 104 103.75 104 104 104 104 103.75 104 104 104 103.25 104 103.5 103 103 103 103 103 103 103 103 103 103 103 103 103 103 102 102 102 102 102 102 102 102 101.75 101 101 101 101 101 101 101 101 101 101 100.5 100 100 100 100 100 100 99.75 99 99 99 99 99 99 98.25 98 98 98 98 98 98 97.25 97 97 97 97 96 96 96 96 96 95.5 95 95 95 95 94.75 94 94 94 94 94 93 93 93 93 93 92 92 92 92 91 91 91 91 90.25 90.5 90 90 90 90 90 NA NA NA NA NA NA NA NA NA NA NA NA NA NA NA NA NA NA NA NA NA NA NA NA NA NA NA NA NA NA NA NA NA NA NA NA NA NA NA NA NA NA NA NA NA NA NA NA NA NA NA NA NA NA NA NA NA NA NA NA NA NA NA NA NA NA NA NA NA NA NA NA NA NA NA NA NA NA NA NA NA NA NA NA NA NA NA NA NA NA NA 
NA NA NA NA NA NA NA NA NA NA NA NA NA NA NA NA 106 106 106 106 106 105 105 105 105 105 105 105 105 105 105 105 105 105 105 105 105 105 105 105 105 105 105 105 105 105 104 104 104 104 104 104 104 103.5 103.5 103 103 104 103.75 103.75 103.5 103.25 103.25 103.5 103 103 103 103 103 103 103 103 103 103 103 103 103 103 102.25 102 102 102 102 102 102 102 102 101.25 101 101 101 101 101 101 101 101 101 101 100 100 100 100 100 100 100 99.5 99 99 99 99 99 98.75 98 98 98 98 98 98 97.75 97 97 97 97 97 96.25 96 96 95.5 95.5 95 95 95 95 95 94.5 94 94 94 94 93.75 93 93 93 93 92.5 92 92 92 92 91.5 91 91 91 90.75 90.25 90 90 90 89.25 89.33334 NA NA NA NA NA NA NA NA NA NA NA NA NA NA NA NA NA NA NA NA NA NA NA NA NA NA NA NA NA NA NA NA NA NA NA NA NA NA NA NA NA NA NA NA NA NA NA NA NA NA NA NA NA NA NA NA NA NA NA NA NA NA NA NA NA NA NA NA NA NA NA NA NA NA NA NA NA NA NA NA NA NA NA NA NA NA NA NA NA NA NA 
NA NA NA NA NA NA NA NA NA NA NA NA NA NA NA NA NA 106 106 106 106 105 105 105 105 105 105 105 105 105 105 105 105 105 105 105 105 105 105 105 105 105 105 105 105 105 104 103.75 104 104 103.5 103.5 103.75 103.25 103 103 103 103 103 103 103 103 103 103 103 103 103 103 103 103 103 103 103 103 103 103 102.5 102 102 102 102 102 102 102 102 102 102 101 101 101 101 101 101 101 101 101 101 101 100 100 100 100 100 100 100 99.25 99 99 99 99 99 98.25 98 98 98 98 98 98 97.5 97 97 97 97 97 96 96 96 95.75 95 95 95 95 95 95 94.25 94 94 94 94 93.25 93 93 93 93 92.25 92 92 92 92 91.5 91 91 91 91 90.25 90 90 89.5 89 NA NA NA NA NA NA NA NA NA NA NA NA NA NA NA NA NA NA NA NA NA NA NA NA NA NA NA NA NA NA NA NA NA NA NA NA NA NA NA NA NA NA NA NA NA NA NA NA NA NA NA NA NA NA NA NA NA NA NA NA NA NA NA NA NA NA NA NA NA NA NA NA NA NA NA NA NA NA NA NA NA NA NA NA NA NA NA NA NA NA NA NA 
NA NA NA NA NA NA NA NA NA NA NA NA NA NA NA NA NA 105.5 105.25 105 105.5 105 105 105 105 105 105 105 105 105 105 105 105 105 105 105 105 105 105 105 105 105 105 105 105 105 103 103 103 103 103 103 103 103 103 103 103 103 103 103 103 103 103 103 103 103 103 103 103 103 103 103 103 103 102.75 102 102 102 102 102 102 102 102 102 102 102 101.75 101 101 101 101 101 101 101 101 101 101 100.5 100 100 100 100 100 100 100 99 99 99 99 99 99 98.25 98 98 98 98 98 98 97.25 97 97 97 97 97 96 96 96 96 95 95 95 95 94.75 94.25 94 94 94 94 93.75 93 93 93 93 93 92 92 92 92 92 91.5 91 91 91 91 90 90 90 89.75 89 NA NA NA NA NA NA NA NA NA NA NA NA NA NA NA NA NA NA NA NA NA NA NA NA NA NA NA NA NA NA NA NA NA NA NA NA NA NA NA NA NA NA NA NA NA NA NA NA NA NA NA NA NA NA NA NA NA NA NA NA NA NA NA NA NA NA NA NA NA NA NA NA NA NA NA NA NA NA NA NA NA NA NA NA NA NA NA NA NA NA NA NA 
NA NA NA NA NA NA NA NA NA NA NA NA NA NA NA NA NA 105 105 105 105 105 105 105 105 105 104.75 105 105 105 105 105 105 105 105 105 105 105 105 105 105 104.5 104.5 104.5 104.5 104.5 103 103 103 103 103 103 103 103 103 103 103 103 103 103 103 103 103 103 103 103 103 103 103 103 103 103 102.75 102.25 102 102 102 102 102 102 102 102 102 102 102 101.75 101 101 101 101 101 101 101 101 101 100.5 101 100 100 100 100 100 100 100 99.5 99 99 99 99 99 99 98 98 98 98 98 98 97 97 97 97 97 97 97 96 96 96 96 95.5 95 95 95 94.5 94 94 94 94 94 93.25 93 93 93 93 92.75 92 92 92 92 92 91 91 91 91 90.75 90 90 89.75 89 NA NA NA NA NA NA NA NA NA NA NA NA NA NA NA NA NA NA NA NA NA NA NA NA NA NA NA NA NA NA NA NA NA NA NA NA NA NA NA NA NA NA NA NA NA NA NA NA NA NA NA NA NA NA NA NA NA NA NA NA NA NA NA NA NA NA NA NA NA NA NA NA NA NA NA NA NA NA NA NA NA NA NA NA NA NA NA NA NA NA NA NA NA 
NA NA NA NA NA NA NA NA NA NA NA NA NA NA NA NA NA 105 105 105 105 104 104 104 104 104 104 104 104 104 104 104 104 104 104 104 104 104 104 104 104 104 104 104 104 104 103 103 103 103 103 103 103 103 103 103 103 103 103 103 103 103 103 103 103 103 103 103 103 102.5 102.25 102 102 102 102 102 102 102 102 102 102 102 102 102 101.75 101 101 101 101 101 101 101 100.75 101 101 100.25 100 100 100 100 100 100 100 100 99.25 99 99 99 99 99 98.75 98 98 98 98 98 97.5 97 97 97 97 97 97 96.5 96 96 96 96 95.5 95 95 95 94.5 94 94 94 94 94 93 93 93 93 93 92.25 92 92 92 92 91.25 91 91 91 90.75 90 90 90 90 NA NA NA NA NA NA NA NA NA NA NA NA NA NA NA NA NA NA NA NA NA NA NA NA NA NA NA NA NA NA NA NA NA NA NA NA NA NA NA NA NA NA NA NA NA NA NA NA NA NA NA NA NA NA NA NA NA NA NA NA NA NA NA NA NA NA NA NA NA NA NA NA NA NA NA NA NA NA NA NA NA NA NA NA NA NA NA NA NA NA NA NA NA NA 
NA NA NA NA NA NA NA NA NA NA NA NA NA NA NA NA NA 105 105 105 105 104 104 104 104 104 104 104 104 104 104 104 104 104 104 104 104 104 104 104 104 104 104 104 104 104 103 103 103 103 103 103 103 103 103 103 103 103 103 103 103 103 103 103 103 102.75 102.5 102.25 102 102 102 102 102 102 102 102 102 102 102 102 102 102 102 101.5 101 101 101 101 101 101 101 101 101 101 101 100 100 100 100 100 100 100 100 99.75 99 99 99 99 99 99 98.5 98 98 98 98 98 97.25 97 97 97 97 97 97 96.5 96 96 96 96 95.25 95 95 95 94.5 94 94 94 94 93.5 93 93 93 93 92.75 92 92 92 92 92 91 91 91 91 90 NA NA NA NA NA NA NA NA NA NA NA NA NA NA NA NA NA NA NA NA NA NA NA NA NA NA NA NA NA NA NA NA NA NA NA NA NA NA NA NA NA NA NA NA NA NA NA NA NA NA NA NA NA NA NA NA NA NA NA NA NA NA NA NA NA NA NA NA NA NA NA NA NA NA NA NA NA NA NA NA NA NA NA NA NA NA NA NA NA NA NA NA NA NA NA NA NA NA 
NA NA NA NA NA NA NA NA NA NA NA NA NA NA NA NA NA 104.5 104.5 104.5 104.5 104 104 104 104 104 104 104 104 104 104 104 104 104 104 104 104 104 104 104 104 104 104 104 104 104 103 103 103 103 103 103 103 103 103 103 103 103 103 103 103 103 102.5 102.5 102.5 102.5 102.5 102.5 102.5 102.5 102.5 102 102 102 102 102 102 102 102 102 101.75 101.5 101.25 101 101 101 101 101 101 101 101 101 100.75 100.5 100.25 100 100 100 100 100 100 99.75 99.5 99.25 99 99 99 99 98.5 98.5 98 98 98 98 97.5 97.5 97 97 97 97 96.5 97 96.75 96 96 96 96 95.5 95 95 95 95 94.75 94 94 94 94 93 93 93 93 93 92.25 92 92 92 92 91.25 91 91 91 90.25 90 90 90 NA NA NA NA NA NA NA NA NA NA NA NA NA NA NA NA NA NA NA NA NA NA NA NA NA NA NA NA NA NA NA NA NA NA NA NA NA NA NA NA NA NA NA NA NA NA NA NA NA NA NA NA NA NA NA NA NA NA NA NA NA NA NA NA NA NA NA NA NA NA NA NA NA NA NA NA NA NA NA NA NA NA NA NA NA NA NA NA NA NA NA NA NA NA NA NA 
NA NA NA NA NA NA NA NA NA NA NA NA NA NA 104 104 103.5 103.5 103.5 103.6667 103 103.75 103.5 103.5 103.5 104 103.5 103.5 103.5 103.5 103.5 103.5 103.5 103.5 103.5 103.5 103.5 103.5 103.5 103.5 103.5 104 104 104 104 104 103 103 103 103 103 103 103 103 103 103 103 103 103 103 103 103 103 103 103 103 103 103 103 103 103 102 102 102 102 102 102 102 101.5 101.5 101 101 101 101 101 101 101 101 101 101 101 100.75 100 100 100 100 100 100 100 100 99.75 99 99 99 99 99 99 99 98 98 98 98 98 97.5 97 97 97 97 97 96.25 96 96.5 96 96 96 96 96 95.5 95 95 95 95 94.75 94 94 94 94 93.25 93 93 93 92.75 92 92 92 92 91.25 91 91 91 90.75 90 90 90 90 90 NA NA NA NA NA NA NA NA NA NA NA NA NA NA NA NA NA NA NA NA NA NA NA NA NA NA NA NA NA NA NA NA NA NA NA NA NA NA NA NA NA NA NA NA NA NA NA NA NA NA NA NA NA NA NA NA NA NA NA NA NA NA NA NA NA NA NA NA NA NA NA NA NA NA NA NA NA NA NA NA NA NA NA NA NA NA NA NA NA NA NA NA NA NA NA 
NA NA NA NA NA NA NA NA NA NA NA NA NA NA NA NA NA 103 NA NA 103 103 103 103 103 103 103 103 103 103 103 103 103 103 103 103 103 103 103 103 103 103 103 103 103 103 103 103 103 103 103 103 103 103 103 103 103 103 103 103 103 103 103 103 103 103 102.75 102.75 102.75 102.75 102.5 102 102 102 102 102 101.75 101 101 101 101 101 101 101 101 101 101 101 101 101 100.75 100 100 100 100 100 100 100 100 100 99.5 99 99 99 99 99 99 98.5 98 98 98 98 98 97.5 97 97 97 97 97 96 96 96 96 96 96 96 96 95.5 95 95 95 95 94.5 94 94 94 94 93 93 93 92.75 92 92 92 92 91.75 91 91 91 91 90.5 90 90 90 90 89.66666 NA NA 89 NA NA NA NA NA NA NA NA NA NA NA NA NA NA NA NA NA NA NA NA NA NA NA NA NA NA NA NA NA NA NA NA NA NA NA NA NA NA NA NA NA NA NA NA NA NA NA NA NA NA NA NA NA NA NA NA NA NA NA NA NA NA NA NA NA NA NA NA NA NA NA NA NA NA NA NA NA NA NA NA NA NA NA NA NA NA NA NA NA NA NA NA 
NA NA NA NA NA NA NA NA NA NA NA NA NA NA NA NA NA NA NA NA 103 103 103 103 103 103 103 103 103 103 103 103 103 103 103 103 103 103 103 103 103 103 103 103 103 103 103 103 103 103 103 103 103 103 103 103 103 103 103 103 103 102.75 102.5 102.5 102.5 102 102 102 102 102 102 102 102 101.5 101.25 101 101 101 101 101 101 101 101 101 101 101 101 101 100.5 100 100 100 100 100 100 100 100 100 100 100 99 99 99 99 99 99 99 98 98 98 98 98 98 97 97 97 97 97 96.75 96 96 96 96 96 96 96 96 95 95 95 95 95 94.25 94 94 94 93.5 93 93 93 92.75 92.25 92 92 92 91.25 91 91 91 91 90.25 90 90 90 90 89.5 89 89 89 89 88 88 NA NA NA NA NA NA NA NA NA NA NA NA NA NA NA NA NA NA NA NA NA NA NA NA NA NA NA NA NA NA NA NA NA NA NA NA NA NA NA NA NA NA NA NA NA NA NA NA NA NA NA NA NA NA NA NA NA NA NA NA NA NA NA NA NA NA NA NA NA NA NA NA NA NA NA NA NA NA NA NA NA NA NA NA NA NA NA NA NA 
NA NA NA NA NA NA NA NA NA NA NA NA NA NA NA NA NA 103 103 103 103 103 103 103 103 103 103 103 103 103 103 103 103 103 103 103 103 103 103 103 103 103 103 103 103 103 102.5 102.5 102.5 102.5 102.5 102.5 102.5 102.5 102 102 102 102 102 102 102 102 102 102 102 102 102 102 102 102 102 101 101 101 101 101 101 101 101 101 101 101 101 101 101 101 101 100.5 100 100 100 100 100 100 100 100 100 100 100 99.5 99 99 99 99 99 99 98.25 98 98 98 98 98 97.5 97 97 97 97 97 96.5 96 96 96 96 96 96 95.25 95 95 95 95 95 94.75 94 94 94 94 93.25 93 93 93 92.75 92.25 92 92 91.25 91 91 91 91 90.25 90 90 90 90 90 89 89 89 89 88.25 88 88 88 88 NA NA NA NA NA NA NA NA NA NA NA NA NA NA NA NA NA NA NA NA NA NA NA NA NA NA NA NA NA NA NA NA NA NA NA NA NA NA NA NA NA NA NA NA NA NA NA NA NA NA NA NA NA NA NA NA NA NA NA NA NA NA NA NA NA NA NA NA NA NA NA NA NA NA NA NA NA NA NA NA NA NA NA NA NA NA NA 
NA NA NA NA NA NA NA NA NA NA NA 103 103 NA NA NA 103 103 103 103 103 NA NA 103 103 103 103 103 103 103 103 103 103 103 103 103 103 103 103 103 103 103 103 103 103 103 102 102 102 102 102 102 102 102 102 102 102 102 102 102 102 102 102 102 102 102 102 102 102 102 102 101 101 101 101 101 101 101 101 101 101 101 101 101 101 100.75 100 100 100 100 100 100 100 100 100 100 100 100 99.75 99 99 99 99 99 99 99 98 98 98 98 98 98 97 97 97 97 97 96.5 96 96 96 96 96 96 96 95 95 95 95 95 94.75 94 94 94 94 94 93 93 93 93 92.5 92 92 91.75 91 91 91 91 90.75 90 90 90 90 89.75 89 89 89 89 88.75 88 88 88 88 87.25 87 NA NA NA NA NA NA NA NA NA NA NA NA NA NA NA NA NA NA NA NA NA NA NA NA NA NA NA NA NA NA NA NA NA NA NA NA NA NA NA NA NA NA NA NA NA NA NA NA NA NA NA NA NA NA NA NA NA NA NA NA NA NA NA NA NA NA NA NA NA NA NA NA NA NA NA NA NA NA NA NA NA NA NA NA NA NA 
NA NA NA NA NA NA NA NA NA NA 103 102.5 102.5 102.5 102.3333 102.3333 102.25 102.5 102 102 NA NA NA NA 102 NA NA NA NA NA 103 102.5 102.5 102.5 102.5 102.5 102.5 102.5 102.5 102.5 102.5 102.5 102.75 102.75 102.5 103 102 102 102 102 102 102 102 102 102 102 102 102 102 102 102 102 102 102 102 102 102 102 102 102 102 101 101 101 101 101 101 101 101 101 101 101 101 100.5 100.5 100 100 100 100 100 100 100 100 100 100 100 100 100 99.25 99 99 99 99 99 99 98.5 98 98 98 98 98 97.5 97 97 97 97 96.5 96 96 96 96 96 96 96 95.75 95 95 95 95 94.5 94 94 94 94 94 93.5 93 93 93 93 92 92 92 91.5 91 91 91 91 90 90 90 90 89.25 89 89 89 88.75 88 88 88 88 87.75 87.25 87 87 NA NA NA NA NA NA NA NA NA NA NA NA NA NA NA NA NA NA NA NA NA NA NA NA NA NA NA NA NA NA NA NA NA NA NA NA NA NA NA NA NA NA NA NA NA NA NA NA NA NA NA NA NA NA NA NA NA NA NA NA NA NA NA NA NA NA NA NA NA NA NA NA NA NA NA NA NA NA NA NA NA NA NA NA NA NA 
NA NA NA NA NA NA NA NA NA NA NA 102 102 102 102 102 102 102 NA NA NA NA NA NA NA NA NA NA NA NA NA NA 102 102 102 102 102 102 102 102 102 102 102 102 102 102 102 102 102 102 102 102 102 102 102 102 102 102 102 102 102 102 102 102 102 102 102 102 102 102 101.75 101 101 101 101 101 101 101 101 101 101 100.75 100 100 100 100 100 100 100 100 100 100 100 100 100 100 100 99.5 99 99 99 99 99 99 99 98 98 98 98 98 98 97 97 97 97 97 96.5 96 96 96 96 96 96 96 95.25 95 95 95 94.5 94 94 94 94 94 93.75 93 93 93 93 92 92 92 92 91 91 91 91 90.25 90 90 90 90 89.5 89 89 89 89 88.25 88 88 87.5 87.33334 87 NA NA NA NA NA NA NA NA NA NA NA NA NA NA NA NA NA NA NA NA NA NA NA NA NA NA NA NA NA NA NA NA NA NA NA NA NA NA NA NA NA NA NA NA NA NA NA NA NA NA NA NA NA NA NA NA NA NA NA NA NA NA NA NA NA NA NA NA NA NA NA NA NA NA NA NA NA NA NA NA NA NA NA NA NA NA NA NA 
NA NA NA NA NA NA NA NA NA NA NA NA 102 102 102 102 NA NA NA NA NA NA NA NA NA NA NA NA NA NA NA NA NA 102 102 102 102 102 102 102 102 102 102 102 102 102 102 102 102 102 102 102 102 102 101.5 101.5 101.5 101.75 101.75 101.75 101.5 101.5 101.5 101.5 101.5 101.5 101.25 101 101 101 101 101 101 101 101 101 100.5 100.5 100.5 100.25 100 100 100 100 100 100 100 100 100 100 100 100 100 100 99.5 99.5 99.25 99 99 99 99 99 99 99 98.25 98 98 98 98 98 97.25 97 97 97 97 96.75 96 96 96 96 96 96 96 95 95 95 95 95 94.5 94 94 94 93.75 93.25 93 93 93 93 92.75 92 92 92 91.5 91 91 91 91 90 90 90 90 90 89.25 89 89 89 NA NA NA NA NA NA NA NA NA NA NA NA NA NA NA NA NA NA NA NA NA NA NA NA NA NA NA NA NA NA NA NA NA NA NA NA NA NA NA NA NA NA NA NA NA NA NA NA NA NA NA NA NA NA NA NA NA NA NA NA NA NA NA NA NA NA NA NA NA NA NA NA NA NA NA NA NA NA NA NA NA NA NA NA NA NA NA NA NA NA NA NA NA NA NA 
NA NA NA NA NA NA NA NA NA NA NA NA NA NA NA NA NA NA NA NA NA NA NA NA NA NA NA NA NA NA NA NA 102 102 102 102 102 102 102 102 102 102 102 102 102 102 101.5 101.5 101.5 101 101 101 101 101 101 101 101 101 101 101 101 101 101 101 101 101 101 101 101 101 101 101 100.75 100.5 100 100 100 100 100 100 100 100 100 100 100 100 100 100 100 100 100 100 100 100 99.5 99 99 99 99 99 99 99 99 98.5 98 98 98 98 98 97.5 97 97 97 97 97 96.25 96 96 96 96 96 96 96 95 95 95 95 95 94.25 94 94 94 93.5 93 93 93 93 92.75 92 92 92 92 91.25 91 91 91 91 90 90 90 90 89.5 89 NA NA NA NA NA NA NA NA NA NA NA NA NA NA NA NA NA NA NA NA NA NA NA NA NA NA NA NA NA NA NA NA NA NA NA NA NA NA NA NA NA NA NA NA NA NA NA NA NA NA NA NA NA NA NA NA NA NA NA NA NA NA NA NA NA NA NA NA NA NA NA NA NA NA NA NA NA NA NA NA NA NA NA NA NA NA NA NA NA NA NA NA NA NA NA NA NA NA 
NA NA NA NA NA NA NA NA NA NA NA NA NA NA NA NA NA NA NA NA NA NA NA NA NA NA NA NA NA NA NA NA 101.75 102 102 102 102 102 102 102 102 102 102 102 102 102 101 101 101 101 101 101 101 101 101 101 101 101 101 101 101 101 101 101 101 101 101 101 101 101 101 100 100 100 100 100 100 100 100 100 100 100 100 100 100 100 100 100 100 100 99.75 99.5 99.5 99.5 99 99 99 99 99 99 99 98.75 98.25 98 98 98 97 97.5 97.75 97 97 97 97 97 96.5 96 96 96 96 96 95 96 95.5 95 95 95 95 94.25 94 94 94 94 93.25 93 93 93 92.25 92 92 92 92 91.75 91 91 91 91 90.25 90 90 90 90 89 89 NA NA NA NA NA NA NA NA NA NA NA NA NA NA NA NA NA NA NA NA NA NA NA NA NA NA NA NA NA NA NA NA NA NA NA NA NA NA NA NA NA NA NA NA NA NA NA NA NA NA NA NA NA NA NA NA NA NA NA NA NA NA NA NA NA NA NA NA NA NA NA NA NA NA NA NA NA NA NA NA NA NA NA NA NA NA NA NA NA NA NA NA NA NA NA NA NA NA 
NA NA NA NA NA NA NA NA NA NA NA NA NA NA NA NA NA NA NA NA NA NA NA NA NA NA NA NA NA NA 101 101 101 101 101 101 101 101 101 101 101 101 101 101 101 101 101 101 101 101 101 101 101 101 101 101 101 101 101 101 101 101 101 101 101 101 101 101 101 101 101 100 100 100 100 100 100 100 100 100 100 100 100 100 100 100 100 99.75 99.5 99.5 99.5 99 99 99 99 99 99 99 99 99 98.25 98 98 98 98 98 97.25 97 97 97 97 97 97 96.75 96 96 96 96 96 95.5 95 95.75 95 95 95 95 94.5 94 94 94 94 94 93 93 93 93 92 92 92 92 91.75 91 91 91 91 90.75 90 90 90 90 89.25 89 88.75 88 NA NA NA NA NA NA NA NA NA NA NA NA NA NA NA NA NA NA NA NA NA NA NA NA NA NA NA NA NA NA NA NA NA NA NA NA NA NA NA NA NA NA NA NA NA NA NA NA NA NA NA NA NA NA NA NA NA NA NA NA NA NA NA NA NA NA NA NA NA NA NA NA NA NA NA NA NA NA NA NA NA NA NA NA NA NA NA NA NA NA NA NA NA NA NA NA NA 
NA NA NA NA NA NA NA NA NA NA NA NA NA NA NA NA NA NA NA NA NA NA NA NA NA NA NA NA NA NA 101 101 101 101 101 101 101 101 101 101 101 101 101 101 101 101 101 101 101 101 101 101 101 101 101 101 101 101 101 101 101 101 101 100.75 100.5 101 101 101 101 101 101 100 100 100 100 100 100 100 100 100 100 100 100 99.75 99.5 99 99 99 99 99 99 99 99 99 99 99 99 99 99 99 98.25 98.25 98 98 98 97.5 97 97 97 97 97 97 96.75 96 96 96 96 96 95.75 95 95 95 95 95 95 95 94.25 94 94 94 94 93.25 93 93 93 92.75 92 92 92 92 91 91 91 91 90.75 90 90 90 90 90 89 89 89 88.25 NA NA NA NA NA NA NA NA NA NA NA NA NA NA NA NA NA NA NA NA NA NA NA NA NA NA NA NA NA NA NA NA NA NA NA NA NA NA NA NA NA NA NA NA NA NA NA NA NA NA NA NA NA NA NA NA NA NA NA NA NA NA NA NA NA NA NA NA NA NA NA NA NA NA NA NA NA NA NA NA NA NA NA NA NA NA NA NA NA NA NA NA NA NA NA NA NA 
NA NA NA NA NA NA NA NA NA NA NA NA NA NA NA NA NA NA NA NA NA NA NA NA NA NA NA NA NA 101 101 101 101 101 101 101 101 101 101 101 101 101 101 101 101 101 100.5 100.5 100.5 100.5 100.5 100.5 100.25 100.25 100 100 100.25 100 100 100.25 100.5 100.25 100 100 100 100 100 100 100 100 100 100 100 100 100 100 100 99.75 99.5 99.5 99.25 99 99 99 99 99 99 99 99 99 99 99 99 99 99 99 98.5 98.5 98.5 98 98 98 98 98 98 97.5 97 96.75 97 97 97 97 96 96 96 96 96 96 95 95 95 95 95 95 95 94.75 94 94 94 94 93.75 93 93 93 93 92 92 92 92 92 91 91 91 91 90.75 90 90 90 90 89.25 89 89 88 88 88 NA NA NA NA NA NA NA NA NA NA NA NA NA NA NA NA NA NA NA NA NA NA NA NA NA NA NA NA NA NA NA NA NA NA NA NA NA NA NA NA NA NA NA NA NA NA NA NA NA NA NA NA NA NA NA NA NA NA NA NA NA NA NA NA NA NA NA NA NA NA NA NA NA NA NA NA NA NA NA NA NA NA NA NA NA NA NA NA NA NA NA NA NA NA NA NA 
NA NA NA NA NA NA NA NA NA NA NA NA NA NA NA NA NA NA NA NA NA NA NA NA NA NA NA NA NA 101 101 101 101 101 101 101 101 101 101 101 101 101 101 101 101 101 100 100 100 100 100 100 100 100 100 100 100 100 100 100 100 100 100 100 100 100 100 100 100 100 100 99.5 99.5 99.25 99.25 99 99 99 99 99 99 99 99 99 99 99 99 99 99 99 99 99 99 99 98.75 98 98 98 98 98 98 98 98 97.75 97.5 97.25 97 97 96 96.5 96.5 96.25 96 96 96 96 95.75 95.25 95 95 95 95 95 95 94.75 94 94 94 94 94 93 93 93 93 92.5 92 92 92 92 91.75 91 91 91 91 90.25 90 90 90 89.25 89 89 89 88.25 88 87.75 87 87 87 87 86.75 86.25 86 86 86 85.5 NA NA NA NA NA NA NA NA NA NA NA NA NA NA NA NA NA NA NA NA NA NA NA NA NA NA NA NA NA NA NA NA NA NA NA NA NA NA NA NA NA NA NA NA NA NA NA NA NA NA NA NA NA NA NA NA NA NA NA NA NA NA NA NA NA NA NA NA NA NA NA NA NA NA NA NA NA NA NA NA NA NA NA NA NA NA 
NA NA NA NA NA NA NA NA NA NA NA NA NA NA NA NA NA NA NA NA NA NA NA NA NA NA NA NA NA NA 100 100.25 100.5 100.5 100.5 100.5 100.5 100.5 100.5 100.5 100.5 100.5 100.5 100.5 100.5 100.5 100 100 100 100 100 100 100 100 100 100 100 100 100 100 100 100 100 100 100 100 100 100 100 100 100 99 99 99 99 99 99 99 99 99 99 99 99 99 99 99 99 99 99 99 99 98.5 98.5 98.25 98 98 98 98 98 98 98 98 98 97 97 97 96.75 96 96.25 96 96 96 96 96 96 95.75 95 95 95 95 95 95 95 94.75 94 94 94 94 93.75 93 93 93 93 93 92.25 92 92 92 91.75 91 91 91 91 90.25 90 90 90 89.25 89 89 89 89 88 88 87.25 87 87 87 87 86.75 86 86 86 86 85.25 85 85 NA NA NA NA NA NA NA NA NA NA NA NA NA NA NA NA NA NA NA NA NA NA NA NA NA NA NA NA NA NA NA NA NA NA NA NA NA NA NA NA NA NA NA NA NA NA NA NA NA NA NA NA NA NA NA NA NA NA NA NA NA NA NA NA NA NA NA NA NA NA NA NA NA NA NA NA NA NA NA NA NA NA NA NA 
NA NA NA NA NA NA NA NA NA NA NA NA NA NA NA NA NA NA NA NA NA NA NA NA NA NA NA NA NA 100 100 100 100 100 100 100 100 100 100 100 100 100 100 100 100 100 100 100 100 100 100 100 100 100 100 100 100 100 99.75 100 100 100 100 100 100 100 100 100 100 100 100 99 99 99 99 99 99 99 99 99 99 99 99 99 99 99 99 99 98.5 98.25 98 98 98 98 98 98 98 98 98 98 97.5 97.75 97 97 97 96.25 96 96 96 96 96 95.5 95.75 96 95.75 95 95 95 95 95 94.5 95 95 94.25 94 94 94 94 93.25 93 93 93 93 92.25 92 92 92 92 91.25 91 91 91 90.5 90 90 90 90 89.5 89 89 89 88.75 88.25 87.75 87 87 87 87 86.25 86 86 85.75 86 85.75 85 85 85 84 NA NA NA NA NA NA NA NA NA NA NA NA NA NA NA NA NA NA NA NA NA NA NA NA NA NA NA NA NA NA NA NA NA NA NA NA NA NA NA NA NA NA NA NA NA NA NA NA NA NA NA NA NA NA NA NA NA NA NA NA NA NA NA NA NA NA NA NA NA NA NA NA NA NA NA NA NA NA NA NA NA NA NA 
NA NA NA NA NA NA NA NA NA NA NA NA NA NA NA NA NA NA NA NA NA NA NA NA NA NA NA NA NA 100 100 100 100 100 100 100 100 100 100 100 100 100 100 100 100 100 99.5 99.5 99.5 99.5 99 99.25 99.5 99.25 99 99.25 99.25 99.25 99 99 99 99 99.25 99.5 99.5 99.5 99.25 99 99.25 99.5 99.5 99 99 99 99 99 99 99 99 99 98.75 98.5 98.5 98.25 98.25 98 98 98 98 98 98 98 98 98 98 98 97.75 97 97 97 97 97 96.5 96 96.5 96.25 96 96 96 96 96 95.5 95 95 95 95 95 95 95 94.5 94 95 94.25 94 94 94 94 93.75 93 93 93 93 92.5 92 92 92 92 91.75 91 91 91 90.5 90 90 90 89.5 89.25 89 89 89 89 88.5 88 88 87 87 87 86.25 86 86 86 85.5 85 85 85 85 84.5 84 NA NA NA NA NA NA NA NA NA NA NA NA NA NA NA NA NA NA NA NA NA NA NA NA NA NA NA NA NA NA NA NA NA NA NA NA NA NA NA NA NA NA NA NA NA NA NA NA NA NA 69 NA NA NA NA NA NA NA NA NA NA NA NA NA NA NA NA NA NA NA NA NA NA NA NA NA NA NA NA NA NA NA NA 
NA NA NA NA NA NA NA NA NA NA NA NA NA NA NA NA NA NA NA NA NA NA NA NA NA NA NA NA NA 100 100 100 100 100 100 100 100 100 100 100 100 100 100 100 99.5 99.75 99 99 99 99 99 99 99 99 99 99 99 99 99 99 99 99 99 99 99 99 99 99 99 99 99 99 98.75 99 99 98.5 98.5 98 98 98 98 98 98 98 98 98 98 98 98 98 98 98 98 98 98 98 97.25 97 97 97 97 97 96.5 96 96 96 96 96 96 96 96 95.25 95 95 95 95 95 95 94.75 94 94 94.25 94 94 94 94 93.75 93 93 93 93 93 92 92 92 92 92 91 91 91 91 90 90 90 90 89 89.25 89 89 89 89 88.5 88 88 87.5 87 87 87 87 86.5 86 85.25 85 85 85 84.5 84.25 84 NA NA NA NA NA NA NA NA NA NA NA NA NA NA NA NA NA NA NA NA NA NA NA NA NA NA NA NA NA NA NA NA NA NA NA NA NA NA NA NA NA NA NA NA NA NA NA NA 70 70 69.5 68.5 NA NA NA NA NA NA NA NA NA NA NA NA NA NA NA NA NA NA NA NA NA NA NA NA NA NA NA NA NA NA NA 
NA NA NA NA NA NA NA NA NA NA NA NA NA NA NA NA NA NA NA NA NA NA NA NA NA NA NA NA 99.25 99.5 99.5 99.5 99 99 99 99 99 99 99 99 99 99 99 99 99 99 99 99 99 99 99 99 99 99 99 99 99 99 99 99 99 99 99 99 99 99 99 99 99 99 99 98 98 98 98 98 98 98 98 98 98 98 98 98 98 98 98 98 97.75 97.25 97 97.75 97.75 98 97.5 97 97 97 97 96.5 96 96.25 96.25 96 96 96 96 96 96 95.75 95 95 95 95 94.75 95 94.75 94.25 94 94 94 94 94 94 94 93.75 93 93 93 93 93 92.25 92 92 92 92 91.25 91 91 91 90.5 90 90 90 90 89 89 89 89 89 88 88 88 87.75 87.25 87 87 87 86.25 86 85.5 85 85 85 85 84.25 84 84 NA NA NA NA NA NA NA NA NA NA NA NA NA NA NA NA NA NA NA NA NA NA NA NA NA NA NA NA NA NA NA NA NA NA NA NA NA NA NA NA NA NA NA NA NA NA NA 70 70 70 69.75 69 68 67 NA NA NA NA NA NA NA NA NA NA NA NA NA NA NA NA NA NA NA NA NA NA NA NA NA NA NA NA NA 
NA NA NA NA NA NA NA NA NA NA NA NA NA NA NA NA NA NA NA NA NA NA NA NA NA NA NA NA 99 99 99 99 99 99 99 99 99 99 99 99 99 99 99 99 99 99 99 99 99 99 99 99 99 99 99 99 99 99 99 99 99 99 99 99 99 98 98.75 99 99 99 99 98 98 98 98 98 98 98 98 98 98 98 98 98 98 98 97.5 97.25 97 97 97 97 97.25 97 97 97 97 97 97 96.25 96 96 96 96 96 95.75 96 95.5 95.5 95.5 95 95 95 94.25 94.25 94 94 94 94 94 93.5 94 93.75 93.5 93 93 93 93 93 93 92.75 92 92 92 92 91.75 91 91 91 91 90.25 90 90 90 89.25 89 89 89 89 88.5 88 88 88 87.75 87 87 87 86.5 86 86 85 85 85 85 84.75 84.25 84 83.75 83 NA 82.5 82 82 NA NA NA NA NA NA NA NA NA NA NA NA NA NA NA NA NA NA NA NA NA NA NA NA NA NA NA NA NA NA NA NA NA NA NA NA NA 71.5 71.25 71 70.25 70 70 70 70 69.75 69.25 68.5 67.5 67 NA NA NA NA NA NA NA NA NA NA NA NA NA NA NA NA NA NA NA NA NA NA NA NA NA NA NA NA 
NA NA NA NA NA NA NA NA NA NA NA NA NA NA NA NA NA NA NA NA NA NA NA NA NA NA NA 99 99 99 98.5 99 99 99 98.5 98.5 98.5 98.5 98.5 98.5 98.75 99 99 99 99 99 98.5 98.25 98 98 98.5 98.5 98.25 98 98.25 98 98 98 98 98 98.5 99 98.75 98.5 98 98 98 98.5 98.5 99 98.75 98 98 98 98 98 98 98 98 98 98 98 98 97.5 97 97 97 97 97 97 97 97 97 97 97 97 97 97 96.75 96 96 96 96 96 95.75 95 95.5 95 95 95 95 95 94.75 94 94.25 94 94 94 93.5 93 93 94 93.5 93 93 93 93 92.5 92 92.25 92 92 92 92 91.75 91 91 91 91 91 90 90 90 89.5 89 89 89 89 89 88.25 88 88 88 88 87.5 87 87 86.75 86 86 85 85 85 85 84.5 84 84 84 83 83 82.25 82 82 81.5 81.66666 80.75 80.75 80 80 79.33334 79 79 79 78.5 78 NA NA NA NA NA NA NA NA NA NA NA NA NA NA NA NA NA NA NA NA NA NA NA NA 71.66666 72 71.75 71.75 71 70.75 70.75 70.25 70 70 69.25 68.5 68.25 67 67 NA NA NA NA NA NA NA NA NA NA NA NA NA NA NA NA NA NA NA NA NA NA NA NA NA NA NA 
NA NA NA NA NA NA NA NA NA NA NA NA NA NA NA NA NA NA NA NA NA NA NA NA NA NA 99 99 99 98.25 98.25 98.75 98.75 98 98 98 98.25 98.5 98 98.25 98 98.25 98.75 99 99 99 98 98 98 98 98 98 98 98 98 98 98 98 98 98 98 98 98 98 98 98 98 98 98 98 98 98 98 98 98 97.75 97.5 97.5 97.25 97 97.5 97 97 97 97 97 97 97 97 97 97 97 97 97 97 97 96.5 96.5 96.25 96 96 96 96 95.75 95.5 95 95 95 95 95 94.75 94.5 94 94 94 94 94 94 93.5 93 93 94 94 93.5 93 93 93 92.5 92 92 92 92 92 92 91.25 91 91 91 91 90.5 90 90 89.75 89.25 89 89 89 89 89 88 88 88 88 88 87 87 86.75 86.5 86 85.5 85 85 85 85 84.75 84 83.75 83.5 83 83 83 83 83 81.75 81.5 80.75 80.25 80.5 80.25 80 79.75 79 79 79 78.75 78 78 77.25 77 77 75.5 NA NA NA NA NA NA NA NA NA NA NA NA NA NA NA NA NA 71.5 71.75 72 72 71.75 71 71 71 70 70 69.75 69 68.75 68 67 67 66.75 66 NA NA NA NA NA NA NA NA NA NA NA NA NA NA NA NA NA NA NA NA NA NA NA NA NA 
NA NA NA NA NA NA NA NA NA NA NA NA NA NA NA NA NA NA NA NA NA NA NA NA 98 98.5 98.5 98.5 98.5 98 98 98 98.25 98 98.25 98.5 98.75 98.75 98.25 98.5 98.25 98 98 98.25 98.75 98.75 98 98 98 98 98 98 98 98 98 98 98 98 98 98 98 98 98 98 98 98 98 98 98 98 98 97 97 97 97 97 97 97 97 97 97 97 97 97 97 97 97 97 97 96.75 96.5 96 96.5 96.25 96 96.25 96 96 96 96 96 95.75 95.25 95 95 95 95 95 95 95 94.75 94 94 94 94 94 94 93.75 93.5 93 93 93.5 93.25 93 93 93 93 92.25 92 92 92 92 92 91.25 91 91 91 91 90.75 90 90 90 89 89 89 89 89 89 88.75 88 88 88 88 87.25 87 87 86 86 86 85.5 85 85 84.5 84.25 84 84 83.25 83 83 83 83 82.75 82.25 81.75 81.75 81.75 81.5 81 81 80.25 79 79.75 79.5 79.25 78.25 78 78 77.5 76.5 77 76.5 NA NA NA NA NA NA NA NA NA NA NA NA NA NA NA NA 72 72 72 71.75 71.75 72 71 71 70 70 69.75 69.25 69 68 67 67 67 67 66 66 66 65 65 65 64 NA NA NA NA NA NA NA NA NA NA NA NA NA NA NA NA NA NA NA 
NA NA NA NA NA NA NA NA NA NA NA NA NA NA NA NA NA NA NA NA NA NA NA NA 98 98 98 98 98 98 98 98 98 98 98 97.75 98 98 97.75 98 98.5 98.5 98 98 98 98 98 98 97.5 97.5 97.75 97.75 98 97.75 97.75 98 98 98 98 98 98 98 98 98 98 98 98 98 98 98 98 97 97 97 97 97 97 97 97 97 97 97 97 96.75 96.75 96.5 96.5 96.5 96 96 96.25 96.25 96 96 96 96 95.75 96 96 96 96 95.5 95 95 95 95 94.75 95 94.5 94 94.25 94 94 94 94 93.75 93.25 93 93 93 92.75 93 93 93 93 92.5 92 92 92 92 92 92 91.5 91 91 91 91 90.75 90 90 90 90 89 89 89 88.5 89 88.75 88 88 88 88 87 87 87 87 86.25 86 86 86 85 85 84.25 84 84 84 83.75 83 82.75 82.5 83 82.25 82.25 82 82 81.5 81 81 81 80.5 79.5 80 79 78.5 78.5 78 78 78 76.75 76.5 77 75.33334 NA NA NA NA NA NA NA NA NA NA NA NA NA NA NA 71.25 72.25 72 71.5 71 71 71 70.25 70 70 69.25 69 68.25 68 67 67 67 67 66.25 66 65 65 65 64.25 64 64 63 NA NA NA NA NA NA NA NA NA NA NA NA NA NA NA NA NA 
NA NA NA NA NA NA NA NA NA NA NA NA NA NA NA NA NA NA NA NA NA NA NA 97.5 97.5 97.5 97.5 97.5 97.5 97.5 97.5 97.5 97.5 97.5 97 96.5 96.75 96.75 97 97.5 96.75 97.25 97.5 97.25 97.5 97.5 97 97 97 97 97 97 97 97 97 97.5 97.5 97.25 97.25 97.25 97 97 97.5 97.5 97.5 97.5 97.5 97.5 97.5 97.5 97.25 97 97 97 97 97 97 97 97 97 97 97 97 96.75 96 96 96 96 96 96 96 96 96 96 96 96 95.5 95.5 95.5 96 96 95.5 95 95 95 94.5 94.5 94.25 94.25 94 94 94 94 93.75 93 93 93 93 93 92.5 92.5 93 93 92.5 92 92 92 92 92 91.5 91.5 91.5 91 91 91 91 90.5 90.25 90 90 90 89.75 89 89 89 88 88.25 88.25 88 88 88 88 87 87 87 87 86.25 86 86 85.75 85 85 84 84 84 84 83.5 83 83 82.75 82.25 82 82 82 81.5 81 81 81 81 80.5 80.5 80 79.5 79 78.75 78 78 78 77.5 77 77 76 74.5 NA NA NA NA NA NA NA NA NA NA NA NA NA 71 71.5 72 71.25 71 71 70.75 70.25 69.5 69 68.5 68.5 68.5 67.75 67.25 66.5 66.5 66.5 66.5 65.75 65.5 65.25 64.5 64.5 64.25 63.75 63.5 62.75 62.33333 NA NA NA NA NA NA NA NA NA NA NA NA NA NA NA NA 
NA NA NA NA NA NA NA NA NA NA NA NA NA NA NA NA NA NA NA NA NA NA 97 97 97 97 97 97 97 97 97 97 97 97 97 97 97 97 97 96.75 96.25 96 96.5 96.75 96.25 96.75 97 96.75 97 97 97 97 97 97 96.75 97 97 96.75 96.75 97 97 97 97 96.75 96.5 97 96.75 96.5 96.75 97 97 97 97 97 97 97 97 97 96.5 96.25 96 96.5 96.5 96.25 96 96 96 96 96 96 96 96 96 96 95.5 95.25 96 95.5 95.25 95.25 95.5 95.25 95 95 94.5 94.75 94.25 94 94 94 94 94 93.25 93 93 93 93 93 93 93 93 93 92.25 92 92 92 92 92 91.75 91 91 91 91 91 91 90.5 90 90 90 90 89.75 89 89 89 89 88 88 88 88 88 88 87.5 87 87 87 86.75 86.75 86 86 86 85 85 84 84 84 83 83 83 83 83 82.25 81.5 81.5 82 82 81 81 81 80.5 80 80.75 80 79.75 79.5 79 78.5 77.75 78 77.75 77 76.5 75.25 74.33334 NA NA NA NA NA NA NA NA NA NA NA NA 70.33334 71 71 71 71 71 70.25 70 70 69 68.75 68 67.75 67.5 67 66.25 66 66 65.75 65.25 65 64.75 64.25 64 64 63.5 63 63 62.25 62 62 NA NA NA NA NA NA NA NA NA NA NA NA NA NA NA 
NA NA NA NA NA NA NA NA NA NA NA NA NA NA NA NA NA NA NA NA NA NA 97 97 97 97 97 97 97 96.5 96 96 96 96 96 96 96.25 96.5 96.25 96.25 96 96 96 96.5 96 96 96.25 96.25 96.25 96.75 96.25 96.25 96.25 96.5 96.25 96.5 96.25 96.25 96 96.25 96.5 96.25 96 96 96 96 96 96 96 96 96 96.5 96.5 96.5 96.5 96.25 96 96 96 96 96 96 96 96 96 96 96 96 96 96 96 96 95.5 95.25 95 95.25 95 95 95 95 95 95 95 95 94 94 94 94 94 94 94 93.25 93 93 93 93 93 93 93 93 93 93 92.25 92 92 92 92 92 91.25 91 91 91 91 91 90.5 90 90 90 90 89.75 89 89 88.75 88.25 88.5 88 88 88 88 88 88 87 87 87 87 86.75 86 86 86 86 85 85 84.5 84 83.75 83 83 83 83 82 81.5 81 81.75 82 82 81.5 80.75 80 80 80 80 79.5 79 79 79 79 78.25 78 78 77.25 76 75 74.75 NA NA NA NA NA NA NA NA NA NA NA 70.5 71 71 71 71 71 71 70 70 69.25 69 68.75 68 67.75 67 66.5 66 66 66 65.5 65 65 64 64 64 63 63 63 62.25 62 62 61.5 61 NA NA NA NA NA NA NA NA NA NA NA NA NA NA 
NA NA NA NA NA NA NA NA NA NA NA NA NA NA NA NA NA NA NA NA NA 96 96 96 96 96 96 96 96.5 96 96 96 96 96 96 96 96 96 96 96 96 96 96 96 96 96 96 96 96 96 96 96 96 96 96 96 96 96 96 96 96 96 96 96 96 96 96 96 96 96 96 96 96 96 96 96 96 96 96 96 96 96 96 96 96 96 95.75 95.75 95.75 95.75 95.25 95.25 95 95 95 95 95 95 95 95 95 95 95 95 94 94 94 93.5 94 93.5 93.5 93 93 93 93 93 93 93 92.75 92.5 92.5 92.25 92 92 92 92 92 91.25 91 91 91 91 91 90.75 90 90 90 90 90 89.25 89 89 88.5 88 88 88 88 88 88 88 87.25 87 87 87 87 86.25 86 86 86 85.75 85.25 85 84.5 84 83.5 83 82.75 82.5 82.25 82 81.25 81.25 81.75 81.25 81 81 80.25 80 80 80 80 79.25 79 79 78.5 78.25 78 78 77.25 77 76.5 75.75 75 74.75 74.5 NA NA NA NA NA NA NA NA NA 71 71 71 71 71 71 70.5 70 69.5 68.75 68.25 68 68 67.5 67 66 66 66 65.75 65 65 NA NA NA NA NA 63 62.75 62 62 61.75 61 NA NA NA NA NA NA NA NA NA NA NA NA NA NA NA 
NA NA NA NA NA NA NA NA NA NA NA NA NA NA NA NA NA NA 96 96 96 95.75 96 96 96 96 96 96 96 96 96 96 96 96 96 96 96 96 96 96 96 96 96 96 96 96 96 96 96 96 96 96 96 96 96 96 96 96 96 96 96 96 96 96 96 96 96 96 96 96 96 96 96 96 96 96 96 96 96 96 95.75 96 95.75 95.5 95.75 95.5 95.25 95 95 95 95 95 95 95 95 95 95 95 95 94.75 94.5 94.5 94.25 94 94 94 93.75 93 93 93 93 93 93 93 92.5 93 93 92.75 92 92 92 92 92 92 92 91.75 91 91 91 91 91 90.5 90 90 90 90 90 90 89.25 89 89 89 88.5 88 88 88 88 87.5 87.25 87.25 87 87 87 86.5 86 86 85.75 85.5 85.5 85 85 85 84.75 84 83.75 83.25 82.5 82.25 82 81 81.5 81.5 81 81 81 81 80.5 80 80 80 79.25 79 79 79 78.25 78.25 78 78 77 76 76 75.5 75.25 75 74 74 NA NA NA NA NA NA NA 70.66666 71 71 71.25 71 71 70.5 70 69.5 68.75 68.5 68 68 67.75 67 66.5 66 66 66 65.5 65 65 NA NA NA NA NA NA NA 62 62 NA NA NA NA NA NA NA NA NA NA NA NA NA NA NA NA NA 
NA NA NA NA NA NA NA NA NA NA NA NA NA NA NA NA NA NA 95.5 95.75 96 95.5 95 95.5 96 96 96 96 96 96 96 96 95.75 95.5 95.25 95 95 95.5 95.5 95.75 95 95.5 95.25 95 95.75 95.5 95.5 96 96 96 96 96 96 96 96 96 96 95.5 95.5 95.5 95.5 95 95.5 95 95.5 95.5 95.5 95.5 95.5 95.5 95.5 96 96 96 96 95.5 95.5 95.5 95 95 95 95 95 95 95 95 95 95 95 95 95 95 95 95 95 95 94.75 94.75 94.25 94 94 94 94 94 94 93.5 93 93 93 93 93 92.5 92.5 93 93 92.5 92.75 92 92 92 92 92 92 92 91.75 91.25 91 91 91 91 90.75 90 90 90 90 90 90 89.25 89 89 89 89 88.5 88 88 88 88 88 87 87 87 87 86.5 86.25 86 86 85.5 85 85 85 84.75 84.5 84 84 84 83.5 83 82.5 81.25 82 82 81.25 81 81 81 81 80.5 80 80 79.5 79 79.25 79 79 78.75 78 78 77.5 76.5 76.25 76 76 75.25 75 73.75 73 NA NA NA NA NA NA NA 70.5 70.75 71.25 71.5 71 71 70.25 70 69.5 68.75 68 67.5 67 67 67 66 66 66 66 65 65 65 NA NA NA NA NA NA NA NA NA NA NA NA NA NA NA NA NA NA NA NA NA NA NA NA NA NA 
NA NA NA NA NA NA NA NA NA NA NA NA NA NA NA NA NA NA NA 95 95.75 95.75 96 95.25 95.5 95.25 95.5 95.75 95.75 95.75 95.75 95.5 95 95 95 95 95 95 95 95 95 95 95.25 95.5 96 95 95 95 95 95 95 95 95 95 95 95 95 95 95 95 95 95 95 95 95 95 95 95 95 95 95 95 95 95 95 95 95 95 95 95 95 95 95 95 95 95 95 95 95 94.75 94.5 94.5 94.25 94.25 94 94 94.5 94 94 94 94 94 94 93.75 93.25 93 93 93 92.5 92.5 92.25 92 92 92.25 92 92 92 92 92 92 92 92 92 91.75 91 91 91 91 91 91 90 90 90 90 90 90 89.5 89 89 89 89 88.75 88 88 88 88 88 87.5 87 87 87 86.75 86.25 86 86 86 85.75 85 85 85 84.5 84 84 84 84 84 83 82 81.75 81.75 81.5 81 81 81 81 80.75 80 79.75 79 79 78.75 78.75 78.75 78.5 78.25 78 78 77.25 77 77 76.25 75.5 75 75 74.5 73.75 73 72 NA NA NA NA 70.25 71 71 71.5 71.25 71 71 70 70 69.75 69 68.5 68 67.25 67 66.25 66 66 65.75 65.25 65 65 NA NA NA NA NA NA NA NA NA NA NA NA NA NA NA NA NA NA NA NA NA NA NA NA NA NA NA 
NA NA NA NA NA NA NA NA NA NA NA NA NA NA NA NA NA NA NA 95 95 94.75 95.25 96 95 95.25 95.75 95 95 95 95 95.5 95 95 95 95 95 95 95 95 95 95 95 95 95 95.25 95 94.75 95 95 95 95 95 95 94 94.5 94.5 94.5 94.5 94.5 94.5 95 95 95 95 95 95 95 95 95 95 95 95 95 95 95 95 95 95 95 95 95 95 95 94.75 94 94.25 94.5 94.25 94 94 94 94 94 94 94 94 94 94 94 94 94 93.25 93 93.5 93.5 93 92.75 92 92.25 92 92 92 92 92 92 92 92 92 91.75 91.5 92 92 91 91 91 91 90.75 91 90.5 90 90 90 89.25 89.5 89.5 89 89 89 89 89 88 88 87.5 87.5 87.5 87.75 87 87 87 87 86.25 86 86 86 86 86 85.25 85 84.5 84.25 84 84 84 84 83.75 83 82 82 82 81.25 81 81 81 81 80.25 80 79.75 79.25 79.5 79 78.25 78.75 78.5 78 78 78 77.75 77 77 76.75 76 75 74.5 74 73.75 72.75 72.25 72 71.75 71.25 71 71 71 71.25 71.25 71 71 70.75 70 70 69.25 69 68.5 67.75 67 66.5 66 66 NA NA NA NA NA NA NA NA NA NA NA NA NA NA NA NA NA NA NA NA NA NA NA NA NA NA NA NA NA NA NA NA 
NA NA NA NA NA NA NA NA NA NA NA NA NA NA NA NA NA NA NA 95 95 94 94.25 94.5 95 95 95.25 95.5 95 95 95 95 95 95 95 95 95 94.75 94.25 95 94.5 95 95 95 95 95 95 95 94 94.25 95 95 95 95 95 94.5 94.5 94.25 94.25 94 94.75 95 95 95 95 95 95 95 95 95 95 95 95 94.5 94.5 94.5 95 95 95 94.5 94.25 94 94.5 94.25 94 94 94 94 94 94 94 94 94 94 94 94 93.75 94 94 94 93.5 93.25 93 93 93 92.75 92.75 92 92 92 92 92 92 92 92 92 92 91.75 91 91 91 91.25 91 91 91 91 91 90.25 90 90 90 90 90 89 89 89 89 89 89 89 88.25 88 88 87.5 87 87 88 87.25 87 86.75 86.5 86 86 86 86 86 85.5 85 85 84.25 84 84 84 83.75 83.5 83.25 82.75 82.75 82 82 81 81 80.5 80 80.25 80 79.75 79.5 79.75 79.75 79.25 77.75 77.5 78.25 78 78 78 77.5 77 77 76.75 76.25 75.5 74.75 74 73.25 73 72.5 72 72 71.75 71 71 71 71 71 70.75 70 70 70 70 69 68.5 68 68 67 66 66 66 NA NA NA NA NA NA NA NA NA NA NA NA NA NA NA NA NA NA NA NA NA NA NA NA NA NA NA NA NA NA NA NA 
NA NA NA NA NA NA NA NA NA NA NA NA NA NA NA NA NA NA NA NA 94.75 94 94 94 94.5 94.75 95 95.5 95.5 95 95 95 95 95 95 95 94.25 94 94.25 94 94.25 94.5 94.5 94.5 94.5 94.75 95 95 94.25 94 94 94 94.75 95 95 95 95 95 95 95 95 95 95 94.75 94.5 94.25 94 94.5 94.5 94.25 94 94.25 94 94 94.25 94.5 94.5 94.25 94 94 94 94 94 94 94 94 94 94 94 93.5 93 93 93.5 93.25 93 93.25 93 93 93 93 93 93 93 93 92.5 92 92 92 92 92 92 92 92 92 92 91.75 91.5 91.5 91 91 91 91 91 91 91 91 90.75 90 90 90 90 90 90 89 89 89 89 89 89 88.25 88 88 88 87 87 87 87 87 87 86.25 86 86 86 85.75 85.5 85.5 85.25 85 84.5 84 84 84 83.5 83 83 83 83 83 82 82 81.75 81 81 80.75 80 80 80 79 79 79 79 78.5 77.25 78 78 78 77.5 77 77 76.75 76 76 75.75 75 74 74 73.25 73 72.25 71.75 71.25 71 71 71 71 71 70.5 70 69.5 69.25 69 69 68.25 67.75 67.5 67 67 66 65 65 NA NA NA NA NA NA NA NA NA NA NA NA NA NA NA NA NA NA NA NA NA NA NA NA NA NA NA NA NA NA NA 
NA NA NA NA NA NA NA NA NA NA NA NA NA NA NA NA NA NA NA NA 94 94 94 94 94.25 94.25 94.25 95 94.75 94.5 94.5 95 94.75 95 95 94.5 94 94 94 94 94 94 94 94 94 94.25 94 94 94 94 94 94 94 94.5 94.5 94.25 94.25 94 94 94 94 94 94 94 94 94 94 94 94 94 94 94 94 94 94 94 94 94 94 94 94 94 94 94 94 94 94 94 93.5 93.25 93 93 93 93 93 93 93 93 93 93 93 92.5 92.25 92.25 92 92 92 92 92 92 92 92 91.5 91 91 91 91 91 91 91 91 91 91 91 91 90.75 90 90 90 90 90 90 89.25 89 89 89 89 89 88.75 88 88 88 87.75 87 87 87 87 87 86.5 86 86 86 86 85.5 85 85 85 85 84.5 84 84 84 83.25 83 83 83 83 83 82 82 82 81.25 81 81 80 80 80 79.5 79.25 79 79 78.5 77 77 77 77.5 76.75 76.5 76.75 76.25 76 76 76 75.25 74.75 74.25 73.25 73 72.75 72 71 71 71 71 71 71 70.5 70 70 69 68.5 68.25 68 67.25 67 67 66.75 65.75 65 65.25 65 NA NA NA NA NA NA NA NA NA NA NA NA NA NA NA NA NA NA NA NA NA NA NA NA NA NA NA NA NA NA 
NA NA NA NA NA NA NA NA NA NA NA NA NA NA NA NA NA NA 94 94 93.75 93.5 93.75 94 94 94 94.5 95 95 95 94.25 94.75 94.75 94.25 94 94 94 94 94 94 94 94 94 94 93.75 94 94 94 94 94 94 94 94 94 94 94 94 94 94 94 94 94 94 94 94 94 94 94 94 94 94 94 94 94 94 94 94 94 94 94 94 94 94 93.5 93.75 93.5 93.25 93 93 93 93 93 92.5 92.25 92.75 93 93 92.5 92 92 92 92 92 92 92 92 92 92 92 92 92 91.5 91.25 91 91 91 91 91 91 90.75 90.5 91 90.75 90.75 90.25 90 90 90 90 90 90 90 89 89 88.75 88.75 89 88.75 88 88 88 88 87.5 87 87 87 87 86.75 86 86 86 86 85.25 85 85 85 85 84.75 84 84 84 84 83.25 83 83 83 83 82.75 82 81.75 81 81 80.75 80.25 80 79.75 79.5 80 79 78.75 79 78.75 77.75 77 77 77 76.75 77 76.25 76 75.75 75.75 75.5 75 74.5 74 73.25 72.5 72 72 71 70.75 71 71 71 71 70.5 70 69.75 69 69 68.5 68 67 67 66.75 66 65.75 65 65 64.5 NA NA NA NA NA NA NA NA NA NA NA NA NA NA NA NA NA NA NA NA NA NA NA NA NA NA NA NA NA NA 
NA NA NA NA NA NA NA NA NA NA NA NA NA NA NA NA NA 94 94 93.75 93.75 93.25 93.25 93.75 94 94 94.5 94.75 94 94 94 94 94 94.25 94 94 93.5 94 94 94 94 94 94 94 93.25 93.25 93.75 93.5 93.75 94 94 94 94 94 94 94 94 94 94 94 94 94 93.75 93.25 93.75 94 93.5 93.25 93.25 93 93 94 94 93 93 93 93.75 94 94 93.75 93.5 93 93 93 93 93 93 93 93 93 93 93 93 92.5 92 92 92.25 92.75 92.25 92 92 92 92 92 92 92 92 92 92 91.5 91 91 91 91 91 91 91 90.75 90.5 90 90 90.5 90 90 90 90 90 90 89.5 89.25 89.25 89.25 89 89 88.5 88 88 88 88 88 88 88 87.25 87 87 86.75 87 86.25 86 86 86 86 85.5 85 85 85 84.75 84.25 84 84 84 83.5 83 83 83 82.75 82.5 82.25 82 81.75 81 81 80.25 80 80 80 79 79 79 78.75 79 78.5 78.25 77.75 77 76.75 77 77 77 75.75 75.25 75.25 75 74.5 74 74 73.75 73 72 72 71.25 70 71 70.5 70.5 71 70 69.75 69 69 68.5 68 67.5 67 67 66.25 66 66 65 65 64.5 64 NA NA NA NA NA NA NA NA NA NA NA NA NA NA NA NA NA NA NA NA NA NA NA NA NA NA NA NA NA 
NA NA NA NA NA NA NA NA NA NA NA NA NA NA NA NA NA 93 92.75 94 94 93.75 93.75 94 94 94 94.5 94.25 93.75 93.5 93 93.5 93.25 93.5 93.5 93.75 94 94 93.75 94 93.25 93.5 93.75 93.25 93.25 93 93 93 93 93.25 93.25 93.25 94 94 94 94 94 94 94 94 94 93.5 93.75 93.75 93.75 93.75 93.5 93.5 93.75 93.5 93.5 94 93.75 94 93.25 93 93 93 93 93 93 93 93 93 93 93 93 93 93 93 93 92.75 92.25 92 92 92 92 92 92 92 92 92 92 92 91.5 91.5 91.5 91 91 91 91 91 91 91 91 91 91 90 90 90 90 90 90 90 90 90 90 90 89 89 89 89 89 88.75 88 88 88 88 88 88 88 87.75 87 87 86.25 86 87 86 86 86 86 85.5 85.75 85 85 85 84.25 84 84 84 83.75 83 83 83 82.75 82.25 82.25 82.5 82.5 81.5 80.75 81 80.75 80 80.25 79.5 79 79 79.25 79 79 78.25 78 77.5 77 76.5 77 76.25 76 76 75 75 74.5 74 74 74 73.25 73 72.25 72 71.25 70 70 70 70 70.25 70 69.75 69 69 68.25 68 67.75 67 67 66.75 66 65.25 65 64.75 64 64 NA NA NA NA NA NA NA NA NA NA NA NA NA NA NA NA NA NA NA NA NA NA NA NA NA NA NA NA NA 
NA NA NA NA NA NA NA NA NA NA NA NA NA NA NA NA NA NA 93 92.75 93.25 93 93.25 93.5 93.5 93 93.75 94 94 93 93 93.5 93 93 93.5 94 94 93.75 93 93.25 93.25 93.5 93 93 93 93 93 93 93 93 93 93 93 93 93.5 93.5 93.25 93.5 93.5 93.5 93.75 93.5 93 93 93 93 93 93 93 93 93 93.25 93 93 93 93 92.75 93 93 93 93 93 92.5 92.75 93 93 93 93 93 93 93 92.5 92 92 92 92 92 92 92 92 92 92 92 91.75 91 91 91 91 91 91 91 91 91 91 91 90.75 90 90 90 90 90 90 90 90 90 90 89.75 89.25 89 89 89 89 88.75 88 88 88 88 88 88 88 87.75 87 87 86.75 86 86 86.75 86 86 86 86 85.25 85.25 85 85 84 84 84 84 84 83.25 83 83 83 83 83 82 82 82 81.75 81 81.5 81.5 80.75 80.5 79.75 79 79 78.5 78.5 78.75 77.75 77.25 77.5 77.25 77 76.75 76.25 76 76 75 74.5 74 73.75 73.25 73.25 73 73 73 72 71.25 70.25 70 70 70 70.25 70 69.75 69 69 68 68 67.5 67 67 66.5 66 66 65 64.25 64 64 NA NA NA NA NA NA NA NA NA NA NA NA NA NA NA NA NA NA NA NA NA NA NA NA NA NA NA NA NA 
NA NA NA NA NA NA NA NA NA NA NA NA NA NA NA NA NA NA NA 92.5 92.75 92 92.5 93 93.75 93 93.5 93.25 94 93.75 94 94 94 93.75 93 93.25 93.5 93.25 93 93 93 93 92.75 93 93 93 93 92.75 93 92.5 92.75 93 93 93 93 93 93 93 93 93 93 93 93 93 93 93 93 93 92.5 92.75 93 93 93 93 93 92.25 92.75 93 93 92.75 92.5 93 92.5 92 92.25 92 92.25 92.5 92.5 92.5 92.25 92 92 92 92 92 91.75 91.25 91 91 91 91 91 91 91 91 91 91 91 91 91 91 91 90.75 90.25 90 90 90 90 90 90 90 90 90 89.75 89.25 89 89 89 89 89 88.25 88 88 88 88 88 88 88 87.75 87.25 87 87 86.5 86 86 86.25 86 86 85.5 85.5 85 85 85 84.75 84 84 84 84 84 83 83 83 83 83 82.75 82 82 81.5 81 81.5 81.5 81 81 80.25 80 80 79.25 79 78.5 78.75 78.25 78 77.5 77 77 76.75 76.5 76.5 76.25 76 75.5 74 73.25 73 72.75 72.5 73 72 71.5 71 70 70 70 70 70 70 69 69 68.25 68 68 67.25 67 66.75 66 66 66 65 64 64 64 63 NA NA NA NA NA NA NA NA NA NA NA NA NA NA NA NA NA NA NA NA NA NA NA NA NA NA NA NA 
NA NA NA NA NA NA NA NA NA NA NA NA NA NA NA NA NA NA NA 92 92.5 92.75 93 93 93.25 92.75 92 93 93.25 93.25 93 92.75 93.25 94 94 93.5 93 93 92.5 92.75 93 92.75 92 93 93 93 92 92.5 92.75 93 92 92.25 93 93 93 93 93 93 92.5 92.5 93 93 93 93 93 92.75 92.5 92.5 92.25 92 92.5 92.25 92.5 92 92 92.25 92.25 92.25 92 92.5 92.25 92.75 92 92 92 92 92 92 92 92 92 92 92 92 92 92 92 91.75 91.5 91.75 91.25 91 90.75 90.5 90.75 91 91 91 91 90.75 90.5 90.25 90 90 90 90 90 90 90 90 90 90 90 89.75 89 89 89 89 89 89 89 88.5 88 88 88 88 88 88 88 87.25 87 87 87 86.5 86 86 86 86 86 85.5 85 85 85 85 84 84 84 84 84 83.5 83 83 82.25 82.75 82.75 82 81.75 81.25 81.5 81.25 81 81 81 81 80 80 80 80 79.75 79.25 79 78.25 78 77.75 77 77 77 76 76 76 76 75.5 74 73.75 73 73 72 72 72 71.5 71 71 70.75 70 70 70 70 69.25 68.75 68 68 67.5 67 67 66.25 66 66 65.75 65 64 64 64 63 63 NA NA NA NA NA NA NA NA NA NA NA NA NA NA NA NA NA NA NA NA NA NA NA NA NA NA NA 
NA NA NA NA NA NA NA NA NA NA NA NA NA NA NA NA NA NA NA NA 91.5 91.75 91.75 91.5 92.25 92 92 93 92.5 92 92.5 92.5 92.5 93.25 93 93.75 94 93.25 93 92 92.75 92.5 92.25 92.25 93 93 92.5 92 92.5 93 93 92.75 93 93 92.5 92.25 92.5 92 92.25 92 92.25 92.5 92 92 92 92 92 92 92 92 92 92 92 92 92 92 92 92 92 92 92 92 92 92 92 92 92 92 92 92 91.75 91.75 92 92 92 92 92 91.5 91 91 91 91 91.25 90.5 90 90 90 90.25 90.5 90.25 90 90 90 90 90 90 90 90 89.75 89.25 89 90 89.75 89 89 89 89 89 89 89 89 88 88 88 88 87.75 87.25 87.75 87.25 87 87 87 87 86 86 86 86 86 86 85.75 85 85 85 84.75 84 84 84 84 83.75 83 83 82.25 82.5 82.5 82 81 81 81 81.75 81.5 80.5 80.5 80.5 80.25 80 80 80 79.25 79.25 79 78.75 79 77.5 77.25 77.25 77 77 76.5 76 76 75.75 76 74.5 73.75 72.5 72.25 72.75 72 71.5 71 71 71 71 70.5 70 70 69 69 68.75 68 68 67.25 67 66.75 66 66 66 65.25 65 64 63.5 63 63 62.75 62 62 62 NA NA NA NA NA NA NA NA NA NA NA NA NA NA NA NA NA NA NA NA NA NA NA NA 
NA NA NA NA NA NA NA NA NA NA NA NA NA NA NA NA NA NA NA NA NA 91 NA NA 91.25 91.5 92.25 91.75 91.5 91.75 92.25 92 92.5 92.5 92.5 92.75 92.75 93.25 93.25 93 92 92 92 92 92.25 92.5 92.5 92 92 92.5 92 92.25 92.5 92.5 92 92 92 92 92 92 92 92 92 92 92 92 92 92 92 92 92 92 92 92 92 92 92 92 92 92 92 92 92 92 92 91.75 91.5 91.75 91.5 92 91 91 91 91.5 91.5 91.5 91.5 91 91 91 91 91 91 90.75 90.25 90 90 90 90 90 90 90 89.75 90 90 90 90 90 89 89 89 89.25 89 89 89 89 89 89 89 89 89 88.25 88 88 88 87.5 87 87 87 87 87 87 86.75 86 86 86 86 86 85.75 85 85 85 85 84.25 84 84 84 84 83.5 83 83 82 82.25 82.25 81 81 81.5 81 81 81 80.5 80 80 80 80 79.75 79.5 79 79 78.5 78 78.5 78 78 77.75 77.25 76.5 76 76 76 75.5 76 75 74.5 72.5 72.5 72.75 72 72 71.25 71 71 70.75 70.5 69.75 69 69 69 69 68 68 67 67 66.75 66 66 65.25 65 64.75 64 63.25 63 63 63 62 62 62 61 61 60.75 60 NA NA NA NA NA NA NA NA NA NA NA NA NA NA NA NA NA NA NA NA 
NA NA NA NA NA NA NA NA NA NA NA NA NA NA NA NA NA NA NA NA NA NA NA NA NA 90.5 91 NA NA NA 91 91.25 91.5 92.25 92.25 91.5 91.75 92 93 92.75 92.75 92.75 92.25 92.75 92.5 92 92 92 92.25 92 92 92 92 92 92 92 92 92 92 91.75 91.5 91.75 91.5 91.75 91.75 91.5 91.75 92 92 92 92 92 92 92 91.75 92 91.75 92 91 91.75 92 92 92 91.75 91 91.25 91 91 91 91 91 91 91 91 91 91 91 91 91 91 91 91 91 91 91 90.75 90.5 90 90 90 89.75 89.75 90 90 90 89.5 89.5 89 89 89 89 89 89 89 89 89 89 89 89 88.75 88 88 88 88 88 87 87 87 87 87 87 87 86.5 86 86 86 86 86 86 85 85 85 85 84 84 84 84 83.75 83 82.75 82.25 82.5 82.25 81 81.25 81 81 80.75 81 81 80.5 80 80 80 80 79.25 79.25 79 78.5 79 78 78 78 78 77.25 77.25 76.75 76.25 76 75.75 75 75 75 73.75 73 73 72.25 72 72 71.5 71 71 71 70.25 69.25 69 69 69 68.75 68 68 67.5 67 67 66.5 66 65 64.5 64 64 63 63 63 62.25 62 62 61.5 61 61 60.25 60 59.5 NA NA NA NA NA NA NA NA NA NA NA NA NA NA NA NA NA NA NA 
NA NA NA NA NA NA NA NA NA NA NA NA NA NA NA NA NA NA NA NA NA NA NA NA NA NA NA NA NA NA NA 90.33334 91.5 92 91.25 91.5 92 92.5 92.25 91.25 91.5 91.25 92 93 93.25 92.75 92 92 92.5 92 92 91.5 91.5 92 92 92 91.75 91.5 92 91.5 91.75 91.5 91 91 91 91 91 91 91 91 91 92 91.75 91.5 91 91 91 91.5 91 91 91 91.5 91.5 91 91.25 91 91 91 91 91 91 91 91 91 90.75 90.75 91 91 90.75 90.5 90.5 90.75 90.5 90.75 91 91 90.5 90 90 90 90 89.5 89.5 89 89 89 89 89 89 89 89 89 89 89 89 88.5 88.25 88 88 88 88 88 88 88 87 87 87 87 87 87 87 86.75 86 86 86 86 86 86 85.75 85 85 85 85 84.25 84 84 83.75 83 83 83 82.5 82.25 82.25 81.25 81 81 80.75 80 80 80.25 80.5 80.25 80 80 79.75 79 79 78.75 78 78.25 78 78 78 77.75 77.5 78 77 76.25 76 76 75.25 75 75 73.5 73 73 72.5 72.25 72 71.5 71 71 70.75 71 69.5 69 69 69 68.75 68 67.5 67 67 66.25 66 66 65 64.5 64 64 63 62.5 62 62 62 62 61 61 60.75 60 60 59.25 NA NA NA NA NA NA NA NA NA NA NA NA NA NA NA NA NA NA NA 
NA NA NA NA NA NA NA NA NA NA NA NA NA NA NA NA NA NA NA NA NA NA NA NA NA NA NA NA NA NA NA NA 91 91.25 91.5 91.5 91.75 91.5 91.5 91.25 92 92.25 92.5 92.5 92 92.5 93 92.5 93 92.25 91.75 91.5 92 92 91.75 91.25 91.75 92 92 92 92 92 91.25 91 91 91 91 91 91 91 91 91 91 91 91 91 91 91 91 91 91 91 91 91 91 91 91 91 91 91 90.75 90.5 91 91 90.25 90.25 90.75 90.25 90 90 90 90 90 90 90.25 90 90 90 90 90 89.5 89.5 89 89 89 89 89 89 89 89 88.5 89 89 89 88.25 88.75 88 88 88 88 88 88 87.75 87 87 87 87 87 87 87 87 86 86 86 86 85 85.5 85.25 85 85 85 85 84.5 84 84 84 83.25 83 83 83.25 83.25 82.75 82 81.25 81.5 80.75 80.25 80.5 80.5 81 80.25 80 79.5 79.5 79.5 79 79 79 78.5 78 78 77.75 77.75 77.75 77.25 77 76.75 76 76 76 75 75 74.75 74 72.75 72.25 72.75 72.5 72 71.25 71 71 70.25 70.25 70 69.25 68.75 68 68 68 67.5 67 66.75 66 66 65.5 65 64.25 64 64 63 62 62 62 62 61.25 61 61 60 60 60 59 NA NA NA NA NA NA NA NA NA NA NA NA NA NA NA NA NA NA NA 
NA NA NA NA NA NA NA NA NA NA NA NA NA NA NA NA NA NA NA NA NA NA NA NA NA NA NA NA NA NA NA NA 91 91.5 91.25 91 91 91.25 91.25 91.5 91.5 91.5 92.25 92.75 92.25 92 91.5 92.25 92.25 92.5 92 92 92 91 91 91 91.5 92 92 92 91.5 91 91 91 91 91 91 91 91 91 91 91 91 91 91 91 91 91 90.75 90.5 90.25 90.25 90.75 90.5 90.25 90.75 90.25 90 90.5 90 90.25 90.5 90.5 90.25 90.5 90.25 90.25 90 90 90 90 90 90 90 90 90 90 90 90 89.25 89 89 89 89 89 89 89 89 88.75 89 88.25 89 89 89 88 88 88 88 88 88 87.75 87.25 87 87 87 87 87 87 87 87 86.25 86 86 86 85.75 85 85 85 85 85 85 84.75 85 84.25 84 84 83.25 83 83 83.5 83 83 82 81.5 81.25 81 80 80 80.5 81 80.25 80 79.75 79 79 79 79 79 78.25 78 78 78 78 78 77.75 77.25 76.75 76 76 76 75.25 75 74.25 74.25 72.5 72 72.25 72.25 71.75 71 71 70.75 70 70.5 70.5 69 69 68 68 68 67.5 67 66.25 66 66 65.5 65 64.5 64 63.5 63 62 62 62 61.75 61 61 60.5 60 60 59.5 NA NA NA NA NA NA NA NA NA NA NA NA NA NA NA NA NA NA NA NA 
NA NA NA NA NA NA NA NA NA NA NA NA NA NA NA NA NA NA NA NA NA NA NA NA NA NA NA NA NA NA NA NA 91 91 91 91 91 91.75 91.5 92 92 91.75 91 91.5 93 92.5 91.25 92 92 93 91.75 91.25 91.5 91.5 91.25 91 91.5 91.5 91.75 91.75 91 91 90.75 91 91 91 90.75 90.5 91 91 91 91 91 91 91 91 90.75 91 90.5 90 90.5 90.5 90.5 90.5 90 90 90 90 90.5 90 90 90 90.5 90 90.5 90 90 90 90.75 90 90.5 90 90 90 90 90 90 90 90 89 89 89 89 89 89 89 89 88 88.5 88 88 89 89 88.25 88 88 88 88 88 88 87.5 87 87 87 87 87 86.5 87 87 86.5 86 86 85.75 85.25 85 85 85 85 85 85 84.75 84 84 84 84 84 83.25 83 83.5 83.25 83 83 82.5 81.5 81.75 81 80 80 80.25 81 80.75 80 80 79.75 79 78.75 78 78 77.5 77.5 77.75 77.75 77.5 77 77 76.75 76.5 76 76 76 75 75 74.5 74.25 73.25 72 72 72 71.5 71 70.25 70 70 70 70 69.75 69 68 68 68 67.5 67 66.5 66 66 65.25 65 64.25 63.75 63.25 62.75 62 61.75 61.5 61.25 61 61 60.25 60 60 NA NA NA NA NA NA NA NA NA NA NA NA NA NA NA NA NA NA NA NA NA 
NA NA NA NA NA NA NA NA NA NA NA NA NA NA NA NA NA NA NA NA NA NA NA NA NA NA NA NA NA NA NA NA NA 91 90.5 90.5 91 91.5 91 90.5 91.25 92 91.75 91.75 92 92.75 92 91.75 91.75 92.5 92.5 92 91.25 91.25 92 92 91.25 91.25 91 91.25 91 90.75 90.25 90.25 91 91 91 90.25 90 90.75 91 91 91 91 91 90.25 90.75 90.5 90.75 90.5 90.5 90.25 89.75 90 89.5 90.25 90.25 90 90 90 90 90 90 89.75 90 90 90.25 90 90 90 90 90 89.5 89.25 89 89 89 89 89 89 89 89 89 88.5 89 88.75 88 88 89 88.25 88 89 88.25 89 88 88 88 88 88 88 87.25 87.25 87 87 87 87 86 86.5 86.5 86 86 86 86 85.5 85.25 85 85 85 85 85 84 84 84 84 84 83.25 83 83 83 83 83 82.5 82 81.75 81.75 81.25 80 79.75 80.75 81 81 80.25 80 79.75 79.25 79 78.75 78.25 77.75 77.5 77.5 77.5 77 77.75 77 76.25 76 76.25 75.75 75.25 74.75 74.25 74 73.5 73.25 73 72 72 72 71.5 70.5 70.25 70 70 69.75 69.25 69 68 68 68 67.5 67 66.5 66 65.75 65 64.5 64 63.5 63 63 62.25 61.5 61 61 60.75 60.25 60 60 NA NA NA NA NA NA NA NA NA NA NA NA NA NA NA NA NA NA NA NA NA NA 
NA NA NA NA NA NA NA NA NA NA NA NA NA NA NA NA NA NA NA NA NA NA NA NA NA NA NA NA NA NA NA NA NA NA NA 90 90 90.5 90.5 90.75 91 92 92 91.75 92.5 92.75 92.75 92.75 92.5 92.5 93 92.5 91.25 91 91.5 91.75 91 91 91 91.5 91.25 91 90.5 90 91 91 91.25 91 90.75 90 90.5 90.25 90 90 90 90.25 91 91 90.5 90 89.5 89.75 89.25 89.75 89.75 89.25 89.5 90 89.5 89.25 89.75 90 90 89.75 89.25 89.25 89.25 89.75 90 90 90 89.5 89.25 89.25 89.5 89.25 89 89 89 89 89 89 88.25 88 88.75 88.75 88.25 88.25 88.25 88 88 88.5 88 88.25 88 88 88 87.75 87.5 87.25 87 87 87 87 87 86.5 86.25 86 86 86 86 86 86 85 85 85 85 85 84.5 84.25 84 84 83.5 83.5 83.5 83 83 82.75 83 83 82.5 82 81.75 81.5 81.25 80 79.75 79.75 80.5 80.5 80.25 80 79.75 79.25 79 79 78 78.25 78.25 78.5 78 78 77.25 77.25 77 76.25 76 76 75.5 74.75 74 74 73.5 73 73 72.5 73.25 71.75 72 71.5 70 70 70 70 69.75 69 69 68.5 67.75 67 67 67 66.25 66 65.5 65 64.5 64 63.75 63 62.75 62 61.75 61.25 61 60.25 60 60 NA NA NA NA NA NA NA NA NA NA NA NA NA NA NA NA NA NA NA NA NA NA NA 
NA NA NA NA NA NA NA NA NA NA NA NA NA NA NA NA NA NA NA NA NA NA NA NA NA NA NA NA NA NA NA NA NA NA NA NA 90 90.25 90.33334 90 90.25 91.25 91.5 91 91.75 92.75 92 92.5 92.75 92.5 92.5 92.25 92 91.75 91.75 91.5 91.25 91.5 91.5 92 92 91.75 91 90.25 90.5 90.25 90.5 90.5 90.75 90 90.5 90.5 90 90 90 90 90 90.25 90 90 89.75 90 89.5 89.5 89.25 89.5 89.25 90 89.75 89.5 89 89.25 89.5 90 89 89.5 89.75 89.25 89 89.5 90 89 89.75 89.5 89.5 89.5 89 89 88.75 88.5 88.25 88.25 88.25 88 88 88.75 88 88 88 88 88 88 88 88 88 88 88 88 87.25 87 87 87 86.75 86.5 86 86 86 86 86 86 86 85.5 85.5 85 85 85 85 84 84 84 84 84 83.25 83 83 83 82.75 82.25 82.25 82.5 82 81.75 81 81 80.75 80.25 79.75 80 80 80.5 81 80.75 80.25 80 80 78.75 78.5 78.25 78.25 78 78 77.25 77.25 77.5 77 77 76 76 75.5 74.5 74.25 74 73.25 72.75 72.25 72.25 71.75 71.5 71 71.5 70.75 70 70 70 69.75 69.25 69 68.5 67.5 67 67 66.5 66 65.75 65.25 65 64 63.75 63.25 62.75 62 62 62 61.25 60.75 60 60 59.25 NA NA NA NA NA NA NA NA NA NA NA NA NA NA NA NA NA NA NA NA NA NA NA 
NA NA NA NA NA NA NA NA NA NA NA NA NA NA NA NA NA NA NA NA NA NA NA NA NA NA NA NA NA NA NA NA NA NA NA NA NA 90 NA NA 90.5 90.25 90.25 91.25 91.5 92 91.5 92 92 92 92 92 92.25 92.5 92.75 93 91.75 91 91.5 91 91 91 90.25 90.5 91 90.5 90.25 90.25 91 91 91 91.25 91 90.75 90.25 90 89.75 89.75 90 90.25 90.5 91 91 91 91 90.25 90 90 89.75 89.75 89.5 89 89 89.5 89.5 89 89 89.25 89.25 89.25 90 90 90.5 90.25 90.25 89.25 89 88.75 88.25 88.25 88 88 88.75 88.75 88.75 88.25 88 88 88 88 88 88 88.25 88 88 88 88 87.5 87 87 87 86.75 86 87 86.5 86 86 86 86 86 85.75 85 85 85 85 85 85 84.25 84 84 84 84 83 83 83 83 82.25 82 82 82 81.75 81 81.25 81 81 81 80.5 80 80.5 81 81 81 81 80.25 80 80 79.75 79.25 78.5 78 78 77.25 77 77 76.25 76.25 76 76 76 74.75 74 74 73.75 72.5 72 72 71.5 71 71 71 71 70.5 70 69.25 69.25 69 68.75 68 67.5 67 66.75 66.25 66 65.5 65 65 64 63.25 63 63 62.25 62 61.75 61 60.75 60 60 59 NA NA NA NA NA NA NA NA NA NA NA NA NA NA NA NA NA NA NA NA NA NA NA 
NA NA NA NA NA NA NA NA NA NA NA NA NA NA NA NA NA NA NA NA NA NA NA NA NA NA NA NA NA NA NA NA NA NA NA NA NA NA NA 90 90 90.25 90.5 91 91.5 91.75 92 91.75 92 92 92 91 91 91 91.75 92 91.75 92 91.5 90.75 90.5 90 90.25 91 91 91 90.75 90.5 90.25 91 91.5 92 92 91 91 90.75 90.25 89.5 90 90.75 91 91 90.75 90.5 90.25 90.25 90 90 89.5 89.25 90 89.25 89 89 89 89 89 89.25 89.75 90 90 89.5 89.5 90 89.75 89.25 88.75 88.75 89 88.5 88.5 88.25 88.5 89 89 88.5 88 88 88 88 88 88 88 88 88 88 87 87 87 87 87 86.5 86.25 87 86 86 86 86 86 85 85 85 85 85 85 85 84.5 84.5 84 84 84 83.5 83 83 83 83 82 82 82 81.75 81.5 81.25 81 81 81 80.75 80.5 80.5 80.5 80.5 81 81 81 81 80.75 80.25 79 79 78.5 78.25 78 78 77.5 77 76.5 76 75.5 75.5 74.75 74 73.75 73 73.25 72.75 72 72 72 70.75 70.75 71 70.5 70.25 70 69 69 69 68.5 68 67.25 67 66 66 66 65.5 65 64.5 63.75 63 62.5 62 62 61.25 61 61 60 60 59.75 59 NA NA NA NA NA NA NA NA NA NA NA NA NA NA NA NA NA NA NA NA NA NA NA 
NA NA NA NA NA NA NA NA NA NA NA NA NA NA NA NA NA NA NA NA NA NA NA NA NA NA NA NA NA NA NA NA NA NA NA NA NA NA NA NA NA 89.25 89.75 90 90 90.5 90 91 91.25 91.75 91.75 91.25 90.25 90.75 91 91.75 91.5 91.25 91.25 91.25 91 91 91 90.25 90.5 90.5 90 90.75 91 91 91.25 91 91 91 91 91 91 91 90.5 90.5 90.75 90.25 91 90.75 90 90 89.5 89.75 89.5 89 89.5 90 89.25 89 89 89 89.5 90 90 90 89.5 89 89.25 89.75 89.25 89.25 89.5 89 89 89 89 88.25 88 88.5 88 88 88 88 88 88 87.75 88 88 88 88 88 87 87 87 87 86.75 86.25 86.5 87 86 86 86 86 85.5 85.25 85 85 85 85 84.75 84.5 84 84 84 84 83.75 83.75 83 83 83 83 82 82 82 82 81.5 81 81 80.75 80.25 80 79.75 79.5 79.25 79 79 80 80 79.75 79.25 79.75 79.25 79 79 79 79 78.5 78.25 77.75 77 76.25 75 74 74.25 74 74 73 73 73 72.75 72 71.5 71 70.25 70.25 70 70 69.75 69 69 69 68.5 68 67.25 66.5 66 66 65.25 65 65 64.5 63.75 63 62 62 61.5 61 61 61 60 59.5 59.5 59 NA NA NA NA NA NA NA NA NA NA NA NA NA NA NA NA NA NA NA NA NA NA NA 
NA NA NA NA NA NA NA NA NA NA NA NA NA NA NA NA NA NA NA NA NA NA NA NA NA NA NA NA NA NA NA NA NA NA NA NA NA NA NA NA NA NA 89 89.5 89.75 90 88.5 89.25 89 89.5 90.25 90.75 90 90 90.5 90.75 91 91.5 91 90.25 90 90.25 90.5 90 90 90 90 91 90 90 90.75 90.25 90.25 90.5 90.75 91 91 91 90.25 90 90 90 90 90 90.25 90.25 89.75 89 89.25 89 89 89 89.75 89 90 89.5 90 90 90 90 89.25 89 89 89.75 89 88.75 89 89 88.5 88.25 88.25 88 88 88 88 88 88 88 87.75 87 87.5 88 88 88 87.25 87 87 87 87 87 86.25 86 86.25 86 86 86 86 86 86 85.25 85 85 84.75 84.25 84.25 84 84 84 84 83.25 83 83 83 83 83 82.75 82 82 82 82 81.75 81 80.75 80 80.25 80.5 80 80 80.25 79.5 79.5 79.25 79.25 79 79 79.25 79.25 78.5 78.25 78.75 79 78.5 78 78 78 77.25 75.5 74 74 74 73.75 73 73 73 72.75 72 71.5 70.75 71 70.25 70 69.75 69.5 69 68.75 68.75 68 68 67.25 66.5 66 66 65 65 65 64 63.5 62.25 62 62 61 61 60.25 60 59.75 59 59 59 NA NA NA NA NA NA NA NA NA NA NA NA NA NA NA NA NA NA NA NA NA NA NA 
NA NA NA NA NA NA NA NA NA NA NA NA NA NA NA NA NA NA NA NA NA NA NA NA NA NA NA NA NA NA NA NA NA NA NA NA NA NA NA NA NA NA NA NA NA 89 NA 88.25 88.75 89.5 89.5 90.75 90 89.25 90 91 90.25 91 90.25 90.75 90.25 90 90 90.25 90 90 90 90 90 90 90 90 90 90 90 90.5 90.75 90.75 90.5 89.75 90 90 90 90 90 90 90 90 89.5 89 89 89 89 89 89 89.25 89.5 89.5 89.25 89 89 89 89 89 88.25 88.75 89 88.5 88.5 88 88 88 88 88 88 88 88 88 87.75 87.25 87 87 87 87.5 87.25 87 87 87 87 87 86 86 86 86 86 86 86 85.5 85 85 85 84.75 84.75 84 84 84 84 83.25 83.25 83 83 83 83 83 83 82.75 82 82 82 82 81.25 81 81 80.75 80.5 80.75 81 80 79.5 79.5 80 79.75 79.5 79.25 79.25 79.5 78.5 78.75 78.75 78.25 78.25 78 78 78 78 77.25 76.5 73.75 74 74 74 73.5 73 72.75 72 72 71.75 71 71 70.25 70 69.25 69 69 69 68.75 67.75 67.5 67 66.25 66 66 65.25 65 64.5 64 63 62.5 62 62 61.5 61 60.25 60 59.5 60 59.33333 59 NA NA NA NA NA NA NA NA NA NA NA NA NA NA NA NA NA NA NA NA NA NA NA 
NA NA NA NA NA NA NA NA NA NA NA NA NA NA NA NA NA NA NA NA NA NA NA NA NA NA NA NA NA NA NA NA NA NA NA NA NA NA NA NA NA NA NA NA NA 88 NA 88 88 88.25 88.75 89.5 90.25 89.5 89.25 90.25 90.25 90 90 90 90 90 90 90 90 90 90 90 90 90 90.25 90 90 90 90 90 90 90 90 90 89.5 90 89.5 89.5 89 89.75 90 90 90 89.25 89 89 89 89 89 89 89 89 89 89 89 89 89 89 88.75 88.25 88.5 88 88 88 88 88 88 88 88 87.5 87.75 88 88 88 87 87 87 87.25 87 87 87 87 87 86.25 86 86 86 86 86 86 85.25 85.5 85.25 85 85 84.5 85 84.25 84 84 84 83.5 83 83 83 83 83 83 82 82 82 82 82 81.5 81 81 80.75 80.75 80.5 80.25 80.5 80 80 80 80 80.25 79.5 79.75 79.75 79.75 79.75 78.75 78.5 79 78.75 78.25 78 78 77.75 77 76.5 74.25 73 74 74 73.75 73.5 73 72 71.75 71.5 71 71 70 70 69.5 69 68.75 69 68 68 67 66.5 66 66 65.25 65 65 64 63 63 63 62.75 62 61.25 61 61 60.5 NA NA NA NA NA NA NA NA NA NA NA NA NA NA NA NA NA NA NA NA NA NA NA NA NA NA NA 
NA NA NA NA NA NA NA NA NA NA NA NA NA NA NA NA NA NA NA NA NA NA NA NA NA NA NA NA NA NA NA NA NA NA NA NA NA NA NA NA NA NA NA NA NA NA NA NA 88.25 88.5 88.25 88.5 89.5 89 89.5 90 90.25 90 90 90 90 90 90 90 89.75 90 90 90 89.5 89.75 90 90 90 90 89.75 89.5 89.5 90 89.75 89.75 89.5 89.5 89.25 89 89 89 89 89.75 90 89.75 89 88.5 89 89 89 89 89 89 89 89 88.5 88 88.25 88.25 88 88 88 88 88 88 88 88 88 88 88 88 87.5 87.25 87 87 87 87 87 87.25 87 87 87 87 86.25 86 86 86 86 86 86 85.5 85.5 85.75 85.5 85 85 85 84.75 84.5 84 83.5 84 84 83.5 83 83 83 82.5 82.25 82 82 82 82 81.75 81.5 81 81 81 80.5 81 80.25 80 80 80 80 80.5 80.5 80 80 79.5 79.25 79.25 79.5 79.25 79 78 78 78 77.5 77.25 77 76.25 74.5 73 73.5 73.25 73.75 73 73 72.5 72 71.25 71 71 70.25 70 69 69 68 68.25 68 67.25 67 66.5 66 65.5 65 65 64 63.5 64 63.75 63 63 62 61.75 61 61 61 NA NA NA NA NA NA NA NA NA NA NA NA NA NA NA NA NA NA NA NA NA NA NA NA NA NA NA 
NA NA NA NA NA NA NA NA NA NA NA NA NA NA NA NA NA NA NA NA NA NA NA NA NA 89 NA NA NA NA NA NA NA NA NA NA NA NA NA NA NA NA NA NA NA NA NA NA 87.66666 88.75 88.25 88 88.75 88.25 88.75 89 90 90 90 90 89.25 89.5 89.25 89 89 89 89 89.25 90 90 90 90 90 90 89.75 89.5 89 89 89 89 89 89 89 89 89 89 89 89.75 89 89.75 89 88.75 88 89 88.5 88.75 89 88.25 88.5 88.75 89 88.75 88.75 88.5 88 88 88 88 88 88 88 87.75 87.75 88 88 87.75 88 87.25 87 87 87 87 87 87 87 87 87 86.75 86.25 86.75 86 86 86 86 86 86 86 86 85 85 85 85 84.75 84 83.5 83.5 84 84 83 83 83 83 82 82 82 82 82 81.75 81 81 81 81 81 81 81 80.75 80.5 80 80 80 80 80.25 80.25 80 79.75 79.75 79.75 79.75 79 78.5 78.25 78 77.75 77 77 76.25 75.25 74.75 73.5 73 73 73 73 73 72.25 72 71.75 71 71 71 70 69.5 69 68.5 68 67.75 67 67 67 66.25 66 65 65 64.25 64 64 64 63 63 62 62 61 61 NA NA NA NA NA NA NA NA NA NA NA NA NA NA NA NA NA NA NA NA NA NA NA NA NA NA NA NA 
NA NA NA NA NA NA NA NA NA NA NA NA NA NA NA NA NA NA NA NA NA NA NA NA NA 90 90.66666 88.5 88 NA NA NA NA NA NA NA NA NA NA NA NA NA NA NA NA 88 87.66666 87.75 88 89 88.5 88.5 88 88 88.25 88.75 89.75 89.75 89 89 89 89 89 89.5 89 88.5 89 89 89 89 89.25 89.25 89.25 89.25 90 90 89.75 89 89.5 89 88.75 89 89 89 89 89 89 89 89 89 89 89 88.25 88.5 88 88 88.25 88 88 88 88 88 88.25 88.75 88.5 88 88.25 88 87.75 87.25 88 87.75 87.75 88 87.75 87 87 87 87 87 87 87 87 87 87 87 87 86.25 86.25 86.25 86 86 86 86 86 85.75 85.75 85.5 85.5 85 84 84 84 84 84 83 83.75 83.75 83 83 83 83 82 82 82 82 82 81.5 81 81 81 81 80.5 80.75 81 81 80.75 80.25 80 80 80.25 80.25 80 80 80 79.25 79 79.75 78.75 78.5 78 78 78 77.5 77 76.5 76.25 74.5 73.25 73 73 73 73 73 72 72 72 71 71 70.25 70 70 70 69 68.25 68 67 67 66.25 66 65.5 65 65 64.75 64 64 NA NA NA NA NA NA NA NA NA NA NA NA NA NA NA NA NA NA NA NA NA NA NA NA NA NA NA NA NA NA NA NA NA NA NA 
NA NA NA NA NA NA NA NA NA NA NA NA NA NA NA NA NA NA NA NA NA NA NA NA NA 88.66666 90.75 90 90.5 90.5 88.66666 88 NA NA NA NA NA NA NA NA NA NA NA NA 88 88.25 88 88 88.75 89 88.5 87.75 88 88.5 88.25 88.25 88.5 89.25 89 89.25 90 89.75 89.25 89 89 88.75 88.75 88.5 89 89 89 89 89 89 89 89.25 89 89 89 89.25 88.75 88.25 89 89 89 89 88.5 88.5 88.75 89 88.5 88.75 88.75 89 88.25 88.25 88 88.25 89 88.25 88.25 88.5 88.5 88.5 88 88 88 88 88 87 87 87.5 87.25 87.5 87 87 87 87 87 86.75 87 87 87 87 87 87 86 86 86 86 86 86 86.5 86 86 85.25 85 85 85 84.75 84.25 84 84 84 84 83.25 83 83 83 83 83 83 82.5 82 82 82 82 81 81 81 81 81 81 81 81 81 80.5 80 80 80.25 80 80.25 80.5 80 80 80 79.5 79.5 79 78.5 78.25 78.25 78 77 77 76.75 75.75 74.75 73.75 73 73 73 73 73 72 72 72 71 71 70 70 70 69.75 69 68.25 68 67.25 67 66 66 65.75 65 65 64 64 64 NA NA NA NA NA NA NA NA NA NA NA NA NA NA NA NA NA NA NA NA NA NA NA NA NA NA NA NA NA NA NA NA NA NA NA 
NA NA NA NA NA NA NA NA NA NA NA NA NA NA NA NA NA NA NA NA NA NA NA NA NA NA 89.33334 90 90.75 91.5 90.5 90 88.25 NA NA 87 NA NA NA NA NA NA NA 88 88 88 88 88 88 88.5 88.25 88 88.25 89 88.5 88.75 88.75 89 89 88.75 88.5 88.5 88.5 88.5 88.5 89 89 88.75 88 88.5 89 89 89 89 89 88.5 89 89 88.75 88 88.5 88.25 88.5 89 89 88.75 88.25 88 88.25 88.25 88.5 88 88 88 88 88 88 88 88.25 88.75 88.5 89 89 88 88 87.5 87 87 87 87 87 87 87 87 87 87 87 87 87 86.5 86 87 87 86.75 86.75 86.25 86 86 86.5 86.25 86 86 86 86 85 85 85 84.75 85 84 84 84 84 84 84 83.75 83 83 83 83 83 83 82.5 82 82 82 82 81 81 81 80.25 81 81 80.75 80.25 80.25 80 80 80 80 80 80.5 80.25 80 80 80 79.5 79.25 79 78.25 78 78 77.5 77.25 76.75 75.75 75.25 74.5 73.75 73.5 73.25 73 73 73 72 72 72 71 71 70 70 70 69.5 68.75 68 68 67.25 67 66.75 66 66 65.25 64.75 64.25 64 64 NA NA NA NA NA NA NA NA NA NA NA NA NA NA NA NA NA NA NA NA NA NA NA NA NA NA NA NA NA NA NA NA NA NA NA 
NA NA NA NA NA NA NA NA NA NA NA NA NA NA NA NA NA NA NA NA NA NA NA NA NA NA 89.5 90.5 91 90.75 90.25 89 88.5 89.75 89.5 89.25 88.5 88.25 88.5 87.5 87.5 87.5 87.75 88 88.25 88 87.25 87.5 88 88 88 88 88 88.25 88.5 88.25 89 89.25 89 89 88.5 88.25 88 88 88 88.25 88.75 89 89 88.5 88.25 88.75 88.25 88.75 88.75 88 89 89 89 89 88.75 87.75 87.75 88 88.25 88.5 88.25 88 88 88 88.25 88 88 88 88 88 88 88 88 88 88 88.25 88.75 88.25 87.75 87.5 87.5 87 87 87 87 87 87 87 87 87 87 87 87 87 87 87 87 86 86.75 86.5 86.5 86 86 85.75 86 86 86 86 85.25 85 85 84.5 84 84 84 84 84 84 84 83.25 83 83 83 82.75 82.5 83 82.25 82 82 82 81.5 81 81 81 81 81 80.75 80.25 80.5 79.75 79.25 79.5 79.75 80 80 80 80 80 80 79.75 79.25 79 78.75 77.75 77.5 77.75 76.5 76.75 76.75 75.75 74.75 74.25 74 74 73.5 73 72.5 72.5 72 71.75 72 71 71 70.5 70 70 69.25 69 68 68 67.25 67 67 66 66 65 65 65 64.25 64 NA NA NA NA NA NA NA NA NA NA NA NA NA NA NA NA NA NA NA NA NA NA NA NA NA NA NA NA NA NA NA NA NA NA NA 
NA NA NA NA NA NA NA NA NA NA NA NA NA NA NA NA NA NA NA NA NA NA NA NA NA NA NA NA 90 91.25 90 89 88.75 89.5 90.5 90.75 90.25 90.5 90 89.75 89 88.5 88.5 87.75 88 88.5 87.75 87.25 87.25 88 88 88 87.75 88 88 88 88.25 89 89 88.75 88 88.25 88 88 88 88 88.75 88.5 88.25 88 88 88.25 88.25 88 88 88 88.75 88.5 88.5 88.25 88.5 88.25 88 88 88 88.25 88 88 88 88 88 88 88 88 88 88 88 88 88 88 88 88 88 88 88 88 88 87.25 87 87 87 87 87 87 87 87 87 86.5 86.5 86.5 86.75 87 86.5 86 86 86.75 87 86.75 86 85.5 86 86 85.75 85.25 85 85 85 84.25 84 84 84 84 84 83.75 83.5 83.5 83 83 83 82.5 82 82.25 82 82 82 82 81 81 81 81 81 81 80 80.25 81 80.5 80.25 80 80 80 80 80 80 80 80 79.75 79 78.75 77.5 77.75 78 77.25 76 76 75.75 75.25 74.5 74 74 74 73.25 73 72.5 72 72 72 71.75 71 71 70.25 69.75 69 69 68.75 68 68 67.25 67 66.75 66 65.5 65 65 65 64.33334 NA NA NA NA NA NA NA NA NA NA NA NA NA NA NA NA NA NA NA NA NA NA NA NA NA NA NA NA NA NA NA NA NA NA NA NA 
NA NA NA NA NA NA NA NA NA NA NA NA NA NA NA NA NA NA NA NA NA NA NA NA NA NA NA NA NA 91.75 91.25 90.25 90 90 91 91 91 91 90.5 90.75 90 89.25 88.5 89 88.5 88.25 87 87.75 87.5 87.25 87.75 88.25 87.75 88.25 88 88 88.5 89 89 88.75 88 88 88 88 88 88 88 88.25 88.5 88 88 88 88.25 88 88 88.25 88 87.75 87.5 87.5 88 88 88.25 87 87.25 87.75 88 88 88 88 88 88 88 88 88 88 88 88 88 88 88 88 88 87.5 88 87.5 87.5 87.25 87 87 87 87 87 87 87 86 86 86 86 86 86 87 87 87 86 86 86.5 86.75 86 85.5 86 86 85.5 85 85 85 85 84.5 84.25 84 84 84 84 84 83.5 83 83 83 83 82 82 82.25 82 82 82 82 81.5 81 81 81 81 80.25 80 80 80.25 80.25 80 80 80 79.25 80 80 80 80 80 79 78.5 77.5 78 78 77.5 77 76.25 75.75 75.5 74.75 74.5 74 74 74 73 73 73 72 72 71.5 71.5 71 70.5 70 69.75 69 68.5 68 68 67.25 67 67 66.25 66 65.5 65 65 65 64.5 NA NA NA NA NA NA NA NA NA NA NA NA NA NA NA NA NA NA NA NA NA NA NA NA NA NA NA NA NA NA NA NA NA NA NA NA 
NA NA NA NA NA NA NA NA NA NA NA NA NA NA NA NA NA NA NA NA NA NA NA NA NA NA NA NA NA 91.66666 91 91 90.75 90.25 90 90.5 91 91 91 91 91 90.25 90 90 90 90 88.5 88 88.5 89.25 89.25 89 89 89 89 88.25 88 88 88 89 89 88.25 88.25 88 88 88 88 88 88 88.25 88 88 88 88.75 88.75 88.5 88.25 87.75 87 87.25 87.5 87 86.75 88 88 87 87 87.25 87.5 87.75 88 88 88 88 88 88 88 88 88 88 88 88 88 88 87.75 87.75 87 87 87 87 87 87 86.75 86.25 87 86 86 86 86 86 86 87 87 87 87 86 86 86.5 86 85.25 85 85.25 85.25 85 85 85 84.75 85 84.75 84 84 84 84 84 83.5 83 83 83 83 82 82 82 82 82 82 82 81 81 81.5 81 81 80.5 80.25 80 80 80.5 79.75 80 79.75 79 79 80 80 80 80 79.75 78.75 77.25 77.25 77.5 76.5 76 76 76 75 75 74 74 74 74 73 73 72.25 72 72 71.75 71.5 71.25 70.75 70.25 69.75 69 69 68 68 67 67 67 66.5 66 65.5 65 65 65 65 NA NA NA NA NA NA NA NA NA NA NA NA NA NA NA NA NA NA NA NA NA NA NA NA NA NA NA NA NA NA NA NA NA NA NA NA 
NA NA NA NA NA NA NA NA NA NA NA NA NA NA NA NA NA NA NA NA NA NA NA NA NA NA NA NA NA NA 91 90 90.5 90.25 90 90 90.25 91 91 91 90.5 91 90.5 90.5 90.25 90 90 89.25 89 89 89 89 89 89 89 89 88.5 88 88.25 88.25 88 88.25 88 88 88 88 88 88 88 88 88 88 88 88 88.25 88.5 88.25 87.25 87.75 87.75 87.75 88 87 87.25 88 87.75 87.75 87.5 87.5 87.25 87 87.5 87.75 88 88 88 88 88 88 88 88 88 87.75 87.25 87.5 87.25 87 87 87 87 87 87 86.5 86.25 86 86 86 86 86 86 86 86.5 86.25 86.75 86.5 86.25 86.5 86 86 85.5 85.25 85 85.25 85 85 84.5 84.75 85 84.5 84.25 84 84 83.75 83 83 83 83 83 82.75 82 82 82 82 82 82 82 81 81 81 81 81 81 80.5 80 80 79.5 79.5 79.75 79.5 79 79 79.75 79.25 79 79 79 79 78.5 77 76.5 76.25 76 76 75.75 75 75 74.5 74 74 73.5 73 73 73 72 72.5 71.75 71.5 71 71 70.5 69.75 69 69 68.5 68 67.75 67.25 67 66.25 66 65.5 65 65 65 65 NA NA NA NA NA NA NA NA NA NA NA NA NA NA NA NA NA NA NA NA NA NA NA NA NA NA NA NA NA NA NA NA NA NA NA NA 
NA NA NA NA NA NA NA NA NA NA NA NA NA NA NA NA NA NA NA NA NA NA NA NA NA NA NA NA NA NA NA 90 90.75 90.5 90 90 89.75 90.75 91 90.75 90 90 90 90 89.5 89.75 89 89 89 88.75 88.25 88 88 88.75 88.75 89 89 88.25 88 87.5 87.5 87.25 87.5 88 88 88 88 88 87.75 88 88 88 88 88 88 87.75 87 87 87 87 87 87.5 87.75 87.25 88 87.75 88 88 87 87 87.25 87 87 87.25 87.75 88 88 88 88 88 88 87.75 87 87 87 87 87 87 87 87 87.5 87 87.25 86.75 86 86 86 86 86 85.25 86 87 87 87 86.75 87 86 86 86 86 86 85.75 85.75 85.25 85 84.5 84 84.75 84.5 84 84 84 83.5 83.25 83 83 83.25 83 82 82 82 82 82 82 82 81.75 81 81 81 81 81 81 80.25 80 80 79.25 79 79.25 79.25 79 79 79.25 79.75 79 79 79 79 78.25 78 77.25 76.25 75.75 75.25 75.5 75 75 74.25 74.25 74 73.5 73 73 73 72.5 72 71.5 71.5 71.25 71 70.25 70 69 69 68.25 68 67.75 67 67 66 66 65 65 65 65 NA NA NA NA NA NA NA NA NA NA NA NA NA NA NA NA NA NA NA NA NA NA NA NA NA NA NA NA NA NA NA NA NA NA NA NA NA 
NA NA NA NA NA NA NA NA NA NA NA NA NA NA NA NA NA NA NA NA NA NA NA NA NA NA NA NA NA NA NA NA 90 90 90 89.5 90.25 90 91 90.75 90.25 90 90 89 89 89 89 89 89 89 88.5 88 88 88 88 88 87.75 88 88 87.5 87.5 87.25 87 87 87 87.25 88 88 87.5 88 88 88 88 88 88 87.75 87.5 88 87.5 87 87 87 87 87.5 87.75 87.25 87 87.75 87.5 87 87 87 87 87 87 87 87.5 88 88 88 88 88 87.75 87.25 87 87 87 87 87 87 87 87.5 87 86.5 86 85.5 85.5 86 85.75 85 85.25 86.75 86.5 86.25 86 86.75 86.75 86 86.25 86.75 86 86 85.25 85 85 84.25 84 84 84 84 84 83.25 83 83 83 83 83.25 82.75 82.5 82 82 82 82 82 82 82 81 81 81 81 81 80.25 80 80.25 79.25 79 79 79 79 78.75 78.5 79 79 79 78.75 78.25 78 78 78 77.25 77 76 75.25 75 75 75 75 74.5 74 74 73.5 73 73 73 72.25 72 72 72 71 70.5 70 69.5 69 68.25 68 68 67.25 67 66 66 65.25 65 65 65 NA NA NA NA NA NA NA NA NA NA NA NA NA NA NA NA NA NA NA NA NA NA NA NA NA NA NA NA NA NA NA NA NA NA NA NA NA 
NA NA NA NA NA NA NA NA NA NA NA NA NA NA NA NA NA NA NA NA NA NA NA NA NA NA NA NA NA NA NA NA NA 90 89.75 89.5 90 90 90.25 90.25 89.75 89.25 89.25 89 89 89 89 89 89 89 89 88.25 88.25 88 88 88 88 88.25 88.25 88.25 88 87.75 86.75 87 86.5 86 87.25 88 88 88 88 88 88 88 88 88 87.5 87.25 88 87.25 86.75 87 87 87 87 87 87 87 87.75 87.75 87.5 87.25 87 87 87 87 87 87 87 87.25 87.5 87.5 87.5 87.25 87 87 87 87 87 87 87 87.25 87 86.75 86 85.25 85 85 85.25 85 85 86 86.75 86 86.25 86.25 87 86.5 87 86.5 86 85.5 85.25 85 85 84 84 84 84 84 84 84 83.25 83 83.5 83.5 84 82.75 82 82 82 82 82 82 82 82 81 81 81 81 81 81 80.5 80 80.5 80 79.5 79.75 79.75 79 79 79 79 79 78 78 78 77.75 77.25 77 76.25 76 75.5 75 75 75 75 74.25 74 74 73.75 73 73 73 72.25 72 72 71 71 70.5 70 70 69 68.5 68 68 67.25 67 66 66 65.25 65.25 65.25 NA NA NA NA NA NA NA NA NA NA NA NA NA NA NA NA NA NA NA NA NA NA NA NA NA NA NA NA NA NA NA NA NA NA NA NA NA NA 
NA NA NA NA NA NA NA NA NA NA NA NA NA NA NA NA NA NA NA NA NA NA NA NA NA NA NA NA NA NA NA NA NA NA 89.25 88.5 88.5 88.5 89 89 88.25 88 88.75 89.25 90 89.5 88.5 88.25 89 89 89 89 88.5 88.5 88 88 88 88 88 88.5 88.25 88.25 88 87.75 87.5 86.75 86 86.75 87.25 87.5 87.5 87.5 87.5 87.25 87.5 88 87 87.25 87 87.5 87.25 86.5 87 87 87 87 87 87 87 87.25 87.75 88 87.25 87 87 87 87 87 87 87 87 87 87 87 87 87 87 87 87 87 87 87 87 87 86.25 85.5 85 85 85 85 85 86 86 86 86 86 87 86 86 86 85.75 85.5 85 85 85 85 84.5 84.5 84 84 84 84 84 83.25 83.75 84 83.5 82.5 82 82 82 82 82 82 82 82 81 81 81 81 81 80.75 80.25 80 80 80 79.75 79.25 79.5 80 79.5 79 79 78.5 78 77.5 77 77 77 77 76.25 76 75.75 75 75 75 75 74 74 74 73.5 73.25 73 73 72 71.75 71.5 71 70.75 70 70 69.5 68.5 68 68 67.25 67 66.75 66 66 66 65.5 65 NA NA NA NA NA NA NA NA NA NA NA NA NA NA NA NA NA NA NA NA NA NA NA NA NA NA NA NA NA NA NA NA NA NA NA NA NA NA 
NA NA NA NA NA NA NA NA NA NA NA NA NA NA NA NA NA NA NA NA NA NA NA NA NA NA NA NA NA NA NA NA NA NA NA 89 88.33334 87 88.5 88.5 88.25 87.75 88 88.5 88.75 89.25 89 89 88.25 88 88.5 88 88 88 88 88 88 88 88 88.5 88.25 88 88 88 88 88 87 86.5 86.5 87.25 87.5 87 87 87 87.25 87.25 87 87 87 87 87 87 87.5 86.25 86.75 87 87 87 87 87 87 87.5 87.75 87.25 87 87 87 87 87 87 87 87 87 87 87 87 87 87 87 87 86.25 86.75 87 86.75 86.5 86 86 85 85 85 85.5 86 86 86 86 86 86.5 86.25 85.25 85.5 85.75 86 85.25 85 85 85 85 85 84.75 84 84 84 84 84 84 84 83.5 82.25 82 82 82 82 82 82 82 82 81 81 81 81 80.75 80.75 80.5 80 80 80 79.5 79.25 79 78.75 79 79.25 79 79 78.25 77.5 77 77 77 76.75 76.25 76 75 75 75 74.5 74.25 74 74 73.75 73.25 73 73 72.75 72 71.75 71.5 71 71 70.25 70 69.5 69 68.25 68 67.5 67 67 66.5 66 65.5 65.5 65 NA NA NA NA NA NA NA NA NA NA NA NA NA NA NA NA NA NA NA NA NA NA NA NA NA NA NA NA NA NA NA NA NA NA NA NA NA NA 
NA NA NA NA NA NA NA NA NA NA NA NA NA NA NA NA NA NA NA NA NA NA NA NA NA NA NA NA NA NA NA NA NA NA NA NA NA 87.75 87.75 88 87.5 87.75 88.25 88.25 88.5 88.75 89 89 88.75 88.25 88 88 88 88 88 88 88 88.25 88 88.25 88 88 88 88 87.75 87.5 87.5 87.5 87.75 87.75 87.75 87.5 87 87 87 87 87 87 87 87 87 87 87.5 87 86 87 87 87 87 87 87 87 87.25 87.75 87.5 87 87 87 87 87 87 87 87 87 87 87 87 87 87 86.5 86 86 86.5 86.25 86.25 86 86 85 85 85 85.5 86 86 86 86 86 86 86.5 86 86 85.5 85.5 85.25 85 85 85 84.5 84.5 84 84 84 84 84 83.75 84 83.75 83 82.25 82 82 82 82 82 82 82 82 81 81 81 81 81 81 81 80 80 79.75 79.75 79.5 79 79.25 78.5 79 79 79 79 78.75 78.25 77.25 77 76.5 76.5 76 76 76 76.5 75 74 75 74 73.5 73.25 73 73 72.75 72 71.5 71.5 71.25 71 70.75 70 69.5 69 68.25 68.25 68 67 67 66.75 65.75 65.25 65 65 NA NA NA NA NA NA NA NA NA NA NA NA NA NA NA NA NA NA NA NA NA NA NA NA NA NA NA NA NA NA NA NA NA NA NA NA NA NA 
NA NA NA NA NA NA NA NA NA NA NA NA NA NA NA NA NA NA NA NA NA NA NA NA NA NA NA NA NA NA NA NA NA NA NA NA NA NA NA 87 88 88 88 88.75 89.75 89.5 89 89 89 89 88.75 88.5 88 88 88 88 88 88 88 88 88 88 88 87.75 88 87.75 87 87.25 87 86.5 86.5 87.5 87.25 87.5 87 87 86.5 87 87 87 87 87 87 87 86.75 86 86.75 87 87 87 87 87 87 87.25 87.5 87 87 87 87 87 87 87 87 87 87 87 87 87 87 87 86.25 86 86 86 86 86.25 86.25 85.75 85 85 85.25 86 86 86 86 86.25 86 85.75 86 85.25 85 85 85 85 85 85 85 85 84.25 84 84 84 84 83.25 83 83 83 82.25 82.75 82 82 82 82 82 82 82 81 81 81 81 81 80.5 80.5 80 80 80 79.5 79 79 79 79 79.25 79 79 79 79 78.75 78 77.5 77 77 76.75 77.5 77 76.5 76.5 75 75 74.5 74.5 73.75 73.5 72.75 72.25 72.75 72 72 71.5 71 70.75 69.75 69 68.5 68 68.5 68 67.25 67 66.5 66 66 66 65.25 64.5 NA NA NA NA NA NA NA NA NA NA NA NA NA NA NA NA NA NA NA NA NA NA NA NA NA NA NA NA NA NA NA NA NA NA NA NA NA 
NA NA NA NA NA NA NA NA NA NA NA NA NA NA NA NA NA NA NA NA NA NA NA NA NA NA NA NA NA NA NA NA NA NA NA NA NA NA NA 87.66666 87.5 88.25 88.5 88.75 88.75 89 89 89 89 89 89 89 88.75 88.5 88 88 87.75 88 88 88 88 88 87.25 87.5 87.25 87.5 86.75 87.25 87.75 87 86.5 86.5 86 86.75 87 86.5 86.5 86.5 87 87.5 87.75 87.5 87.5 87.5 87.5 87 86.5 87 87.25 87.5 87.5 87.5 87.25 87.25 88 87.5 87.5 87 87 87 87 87 87 87 87 87 87 87 87 87 86.75 86.5 86.5 86.25 86 86.5 86.5 85.75 85.5 85.5 85.75 86 85.5 85.5 85.25 85.5 85.5 86 86 86 85.75 85 84.5 84.5 84.5 84.5 84.5 84 84 84 83.75 83.5 83.5 83 83 82.5 82.5 82.5 82 82.25 82 82 82 82 82 81.75 81 81 80.75 80.5 80.75 80.25 80 80 80 80 80 79.5 79 79 79 78.75 78.75 78.25 78.5 78.5 78 77.75 78 78 77.25 77 77 76.75 76.5 77 76 75.25 74.5 75 74.25 73.75 73.25 72.5 73 72 72 71.25 70.5 70.75 70.25 69 69 69 69 68.75 67.75 67 66.5 66 66 65.5 65.5 65 65 NA NA NA NA NA NA NA NA NA NA NA NA NA NA NA NA NA NA NA NA NA NA NA NA NA NA NA NA NA NA NA NA NA NA NA NA 
NA NA NA NA NA NA NA NA NA NA NA NA NA NA NA NA NA NA NA NA NA NA NA NA NA NA NA NA NA NA NA NA NA NA NA NA NA NA NA NA 87 87 87.25 88 88.25 89 89 88.75 89 89 89 89 89 89 89 89 88.75 88 88 88.5 88 88 88 87 87 88 87.5 87.5 87.75 88 88 87.5 87.25 87 87 87.5 87 87 87 87 87.75 88 88 88 87.75 87 87.25 87 87 87.5 87.5 87.75 88 87.75 87.5 88 88 87.75 87 87.5 87.25 87.5 87 87 87 87 87 87 87 87 87 87 87 87 86.75 86 86.5 86 86 86 86 85.5 85.5 85 85 85 85.75 85.25 85.25 85 85 85 84.5 84 84 84 84 84 84 84 83.25 83 83 83 83 83 82.25 82 82 82 82 82 82 82 82 81.5 81 81 81 81 80.75 80 80 80 80 80 79.25 79.25 79 79 78.75 79 78.5 79 79 78.5 78 77.75 78 78 77.25 77 77 77 76.5 76.25 76 75.75 74.25 74 74.25 74 73.5 73 72.5 72 72 71.5 70.75 70.5 71.75 70.25 69.5 69 68.75 68.25 68 67.5 66.5 66 66 66 65.5 65 65 NA NA NA NA NA NA NA NA NA NA NA NA NA NA NA NA NA NA NA NA NA NA NA NA NA NA NA NA NA NA NA NA NA NA NA NA 
NA NA NA NA NA NA NA NA NA NA NA NA NA NA NA NA NA NA NA NA NA NA NA NA NA NA NA NA NA NA NA NA NA NA NA NA NA NA NA NA NA NA 87.5 87.25 87.75 87.75 87.5 88 88.25 89 89 89 89 89 89 89 88.75 88.5 88.25 88.25 88 88 88 87.5 87 87.25 87.5 87.25 87.5 88 88 88 87.75 87 87 87.5 87 87 87 87 87 87 87.75 87.25 87.25 87 87.25 87 87 87 87 87 87.5 87.25 87 87.75 88 87.75 87.25 87.5 87.5 87.75 87.5 87 87 87 87 87 87 87 87 87 87 87 87 86.25 86 86 86 86 86 85.5 85.25 85 85 85.25 85.75 84.75 84.5 85 85 84.5 85 84 84 84 84 84 84 83.75 84 83.5 83.25 83 83 83 82.75 82.25 82 82 82 82 82 82 82 81.5 81 81 81 81 81 81 80.5 80.25 80 80 79.75 79.25 79 78.75 78.5 79 80 79 79 78.75 78 77.25 77 77.25 77 77 77 76 76 76 75.75 75.75 75.5 74.5 74.25 74 73.75 73 73 72.25 72 71.5 71 70.5 71.25 71 70 69.25 68.5 68 68 67.25 67 66.25 66 66 65.5 65 65 NA NA NA NA NA NA NA NA NA NA NA NA NA NA NA NA NA NA NA NA NA NA NA NA NA NA NA NA NA NA NA NA NA NA NA NA 
NA NA NA NA NA NA NA NA NA NA NA NA NA NA NA NA NA NA NA NA NA NA NA NA NA NA NA NA NA NA NA NA NA NA NA NA NA NA NA NA NA NA 87 87.25 87 87.5 87.5 88.25 88.75 89 89 89 89 89 88.5 88 88.25 88.75 89 88.75 88 88 88 88 88 87.5 87 87 88 88 87.5 87.75 87.75 87.25 87 87.5 87 87 86.75 87 87 87.5 88 87.25 87 87.25 87.25 87.25 87.5 87.5 87.25 87 87 87 87.5 88 87.75 88 87.75 87.75 87 87 87.25 87 87 87 87 87 86.75 87 87 87 86.75 87 87 86.5 86 86 86 86 86 85.25 85 85 85 85 85.5 85.25 84.5 84.75 85 84.25 85 84.5 84 84 84 84 84 83.75 84 84 83.75 83 83 83 83 83 82.75 82 82 82 82 82 82 81 81 81 81 81 81 81 81 81 80.5 80 80 80 80 80 79.75 79 79.5 79 79 78.25 78 78 77.75 77 77 77 76 76 76 76 76 75.5 75 74.25 74.5 74 74 73.75 73.25 72.75 72.25 72 71.25 71.25 71.75 70.75 69.75 69 68 68 68 67.5 67 66.5 66 66 65.75 65.5 65 66 NA NA NA NA NA NA NA NA NA NA NA NA NA NA NA NA NA NA NA NA NA NA NA NA NA NA NA NA NA NA NA NA NA NA NA 
NA NA NA NA NA NA NA NA NA NA NA NA NA NA NA NA NA NA NA NA NA NA NA NA NA NA NA NA NA NA NA NA NA NA NA NA NA NA NA NA NA NA 88 88 87.25 87.25 88 88 88.25 88.5 88.75 88.75 89 89 89 88.5 88 88 88 88.5 88.5 88 88 88 88 87.5 87 87.25 87.25 87.5 87.75 88 87.5 87.75 87.5 87.5 87 87 86.25 87 87 87.5 87 87.5 87 87 87.5 88 87.25 87.75 88 87.25 87.5 87 87 88 88 87 87 86.75 87 87 87.5 87 87 86 86.5 86 86 86 86.75 86 86 86 86 86.25 86 86 86 86 86 85.75 85 85 85 85 84.75 85 84.25 84.25 84.75 84.25 85 84.25 84 84 84 84 84 84 84 83.75 84 83.5 83 83 83 83 82.25 82 82 82 82 82 81.75 81 81 81 81 80.25 80.5 80.75 81 81 80.5 80.25 80 80 80.25 80.25 79.25 79.25 79.75 79.5 79 78.5 78 78 78 77 77 77 76.75 76 76 76 75.5 75.25 75.5 74.25 74.5 74 74 73.5 73.5 72.5 72.5 72 71.25 71 71 70.5 69.25 69 69 68.25 68 67 67 67 66.25 66 66 65.5 65.25 64.75 NA NA NA NA NA NA NA NA NA NA NA NA NA NA NA NA NA NA NA NA NA NA NA NA NA NA NA NA NA NA NA NA NA NA NA 
NA NA NA NA NA NA NA NA NA NA NA NA NA NA NA NA NA NA NA NA NA NA NA NA NA NA NA NA NA NA NA NA NA NA NA NA NA NA NA NA NA NA NA 88 88 87 87.5 88.25 88.5 88.5 88.5 88 88.5 88.75 89 89 88.5 88 88 88 87.25 87.5 88 88 88 87.5 86.5 87 87.5 88 87.75 87.5 88 87.25 87 87.25 86.5 86 86.25 87 87 87.25 87.75 87.75 87.5 87.25 87 87.25 88 88 88 88 88 87.25 87.5 87.75 87.5 87 87.75 87.25 87 86.75 86 86.5 86.75 86 86.25 86.25 86.25 86 86.25 86.25 86 87 86 86 86 86 86 86 86 85 85 85 85 84.75 84.5 84.5 85 84.75 84 84.5 84.5 84 84 84 84 84 83.5 84 83.75 83.5 83 83 83 83 83 83 82.25 82 82 82 81.75 81.25 81 81 81 81 81 80 80.25 80.75 81 80.5 81 80.25 80 80 80 79.25 79 80 79 79.5 79 79 78 78 78 77.25 77 77 76.5 76 76 76 76 75.5 75 74.75 74 74 73.5 74 73.75 72.5 72 72 71.75 71 70.75 70.25 70 69 69 68.25 68 67 67 67 66 66 65.75 65 65 64.5 64 64 NA NA NA NA NA NA NA NA NA NA NA NA NA NA NA NA NA NA NA NA NA NA NA NA NA NA NA NA NA NA NA NA NA 
NA NA NA NA NA NA NA NA NA NA NA NA NA NA NA NA NA NA NA NA NA NA NA NA NA NA NA NA NA NA NA NA NA NA NA NA NA NA NA NA NA NA 87 86.75 87.75 87.5 87 87 87.5 88.5 88.5 89 88.25 88.5 89 89 89 88.75 88.25 88 87.75 87.25 87.25 87.5 87.5 87 87.5 88 88 88 87.5 87.75 87.75 87.25 87.25 86.75 87.25 87 86 86.75 87 87 87.25 87.5 88 88 87.75 87 87.75 87.75 88 88 88 88 88 87.5 88 87.25 87.75 88.25 87.5 86.25 86.25 86.25 85.75 86 86 86.25 87 86.5 86.5 87 86.25 86.25 86.75 86.5 86 86 86 86 86 85.25 85 85 85 85 84.75 84.25 84.5 84 84.5 84 84 84 84 84 84 84 83.75 83.25 84 83 83 83 83 83 83 83 83 83 82.5 82 82 81 81 81.25 81 80.75 80.25 80 80.25 81 81 80 80.25 80 80 80 80 79.75 79 80 79 79 79 78.75 78.25 77.5 77.25 77 77 77 76 76 76 75.5 75.25 75 75 75 74.5 74.25 74 73.75 73.5 72.75 72.5 72.25 72 71.25 71 70.25 70 70 69 68.25 68 67.25 67 67 66.5 66 65.75 65.25 64.75 64 64 63.5 63.5 63.5 NA NA NA NA NA NA NA NA NA NA NA NA NA NA NA NA NA NA NA NA NA NA NA NA NA NA NA NA NA NA NA 
NA NA NA NA NA NA NA NA NA NA NA NA NA NA NA NA NA NA NA NA NA NA NA NA NA NA NA NA NA NA NA NA NA NA NA NA NA NA NA NA 85 85 85.75 86.25 86.75 87.25 87 87.5 87.5 88 87.75 87.25 87.75 88 89 89 89 89 88.5 88.25 88.5 88.5 88 88.5 88.25 87.5 87.25 88 87.75 88 88 88.25 88 87 87 86.75 86.75 86.5 86.25 86.25 86.25 86.75 87 87.25 87.75 87.5 88 88 87.75 88 88 88 88.25 88 88.5 88 87.75 87.5 88.75 88.75 88.25 87.25 86 85.75 86.25 86.75 86.75 87 87 87 87.25 86.75 86.5 86.5 86.75 87 86.5 86 85.75 85.5 85.5 85 85 85 85 85 85 84 84 84 84 84.25 84 84 84 84 84 84 84 83.75 83 83 83 83 83 83 83 82.75 82.5 82.75 82.25 82 82 81 81.75 82 81.5 81.5 81.25 81 80 81 81 80.75 80.25 80.25 80 80 80 80 79.75 80 79.25 79 78.75 78.75 79 78.5 77.5 77 77 77 76.25 76.5 75.5 75 75 74.75 74 74 74 73.75 73.75 73.5 73 73 73 72.5 72 71.5 71 70.5 70 69.5 69 68.5 68 67 67 66.75 66.5 66 65.5 65.5 65.25 65 64 63.25 63 63 NA NA NA NA NA NA NA NA NA NA NA NA NA NA NA NA NA NA NA NA NA NA NA NA NA NA NA NA NA NA NA 
NA NA NA NA NA NA NA NA NA NA NA NA NA NA NA NA NA NA NA NA NA NA NA NA NA NA NA NA NA NA NA NA NA NA NA NA NA NA NA NA NA 85.5 85.75 85.5 85.5 85.25 85.5 85.75 87 87.5 88 87.5 87 87.5 88 88.25 89 89 88.25 88 88.25 88 88 88 87.5 87.5 87.25 88 87.75 87.25 87.5 88 88 87 87.75 87 86 86.5 87 87 87 86.5 86.75 87.25 87.25 87 87.5 88 87.75 88 88 88.25 88.5 88.75 89 88.25 87.25 87 88 88.75 87.5 87 87 85.75 85.5 86.5 86.75 88 87.5 86.25 86.25 86.5 86.25 86.5 86.75 87 87 86.25 86 85.25 85 85 85 85 85 85 84.75 85 84.75 84.25 84 84 84 84 84 84 84 84 84 84 83.75 83 83 83 83 83 83 83 82 82 82 82 82 81.75 82 82 82 82 81.25 81 80.25 80.5 80.25 80 80.5 80.5 80 80 80 80 80 80 79 79 79.5 78.5 79 78.5 77.75 77.5 78 77 76.5 76.5 77 76.5 75.75 75.5 75.5 75.5 75.25 74.75 73.5 73 73 73 73.25 72 71.5 71 71 71 70 69.5 69.25 68.75 68 67.25 67 67 66.5 67 66.5 65.5 65.5 65.5 65.25 64 63.25 62.75 NA NA NA NA NA NA NA NA NA NA NA NA NA NA NA NA NA NA NA NA NA NA NA NA NA NA NA NA NA NA NA 
NA NA NA NA NA NA NA NA NA NA NA NA NA NA NA NA NA NA NA NA NA NA NA NA NA NA NA NA NA NA NA NA 85.33334 85 NA NA NA NA NA NA NA 85.25 85.75 86 86.75 86.25 86 85.25 85.5 86.75 87 87 87 87.75 88 88 88.25 88.5 88.75 88.25 88.5 88.25 88.5 88.75 88.5 88.75 88.25 87.75 88.25 88.5 88.5 88 88.75 88.25 87.5 87.5 87 87 87.25 87.25 86.5 87 86.75 86.5 86.75 87 87.5 87.5 88 87.75 87.75 88 88 88.75 88.75 88.5 88.5 88.5 88 88.5 87.5 87.25 86.25 86 86 86.25 87.25 88 87.5 87.25 86.5 86.75 86.25 86.25 86 86.5 87 86.75 85.75 85.5 85.5 85 85 85 84.75 85 85 84.25 84.5 84.5 84.25 84 84 84 84 84 84 84 84 84 84 84 83.25 83 83 82.75 82.75 82.5 82.5 83 83 82 82 82 82 82 82 82 81.25 81 81 81 81 80.5 80.25 81 80.75 80 80 80 80 80 79.5 79 79.5 79.75 79.25 79.25 78.75 78 78.5 78.25 78 77.5 77.5 77.25 77.75 77.25 77 76.25 76 75.25 74.25 73.5 73.5 73 73.25 72.25 72 71 71 70.5 70 70 69 69 68 68 67 67 67 67 67 66.25 65.75 65 65.5 65 64.75 64 63.5 NA NA NA NA NA NA NA NA NA NA NA NA NA NA NA NA NA NA NA NA NA NA NA NA NA NA NA NA NA NA 
NA NA NA NA NA NA NA NA NA NA NA NA NA NA NA NA NA NA NA NA NA NA NA NA NA NA 87 87.25 88 87.5 86.75 86 85.25 85 84.33334 NA NA 86.5 NA NA NA 84.66666 84.5 85 85.25 86.25 86.5 86.75 86 85.75 86.5 86.75 87 87.5 87.25 87.75 88 88 89 89 88.25 88.25 88.5 88.25 88 88 88.25 88 87.75 88.75 89 88.75 88.25 88 88.5 88 87.5 87 86.75 87 87.25 87.5 87.25 87.25 86.75 87 88 87.5 87.75 88.25 88.25 87.75 88 89 89.25 89.75 90 89.75 89.5 89.25 88.25 88.5 86.75 86.5 86.25 86 86 86.5 86.5 86.5 87 87 86.25 86.75 86 87 87 87 87.25 86.25 85.5 85 85.25 85 84.75 84.5 84.75 84 84.25 85 85 84 84 84 84 84 84 84 84 84 84 83.5 83 83 83 83 83 83 83 82.5 82.25 82 82 82 82 82 82 82 82 81 81 81 81 81 80.25 80.25 80.5 80.25 80 80 80 80 79.75 79 79.5 79.5 79.5 79 79 78 78.25 79 78.5 78.25 77.75 77 77 77 77 76.5 76 75.5 75.25 74 74 73.25 73.25 72.5 71.5 71.25 71 71 70.25 70 69.5 69 68 68 67.5 67 67 66.75 67 66.75 66.25 65.25 65 64.5 64.5 64 64.5 NA NA NA NA NA NA NA NA NA NA NA NA NA NA NA NA NA NA NA NA NA NA NA NA NA NA NA NA NA NA 
NA NA NA NA NA NA NA NA NA NA NA NA NA NA NA NA NA NA NA NA NA NA NA NA NA NA 87.5 87.25 87.75 86.5 85.75 86.25 86 86.25 85.25 85 84.66666 85.25 85.5 86 86.25 85 84.75 84.75 85 85.25 86 86.75 86.5 86.75 86.5 87.25 87 87 87.25 88 88 88 88.5 88.5 88.75 88.5 89 89 88.25 88.5 88.5 88.5 88.75 88 88.5 89 89 88.5 87.75 88.25 87.25 87 87.5 87.75 87 88 88 88 87.25 86.75 87 87 87.25 87.5 87.75 88 89 89 89 89 89.25 89 88.75 89.5 89.5 88.5 86.75 86.5 86 86 86 85 85.5 86.25 87.25 87 86.5 87 86.75 86.5 86.75 87 87 87.25 87.5 86.5 86.5 86 85.25 85 85 84.5 84 84.5 84.5 84 84 84 84 84 84 84 84 83.75 83 83 83 83 83 83 83 83 83 82.75 82.5 82 82 82 82 82 82 82 82 81 81 81 81 81 81 80.75 80.25 80 80 80 80 80 80 79.25 79 79 79 79 78.5 78.75 78 78 78 78 78 77.5 77 77 77 76.75 76 75.75 75.75 74.75 74 74 74 73.25 72 71 71 71 70 70 69.25 69 68 68 67.75 67.25 67 66.75 66 66.25 66 66 65.25 64.75 64.5 64.25 65 NA NA NA NA NA NA NA NA NA NA NA NA NA NA NA NA NA NA NA NA NA NA NA NA NA NA NA NA NA NA 
NA NA NA NA NA NA NA NA NA NA NA NA NA NA NA NA NA NA NA NA NA NA NA NA NA NA 87.5 88 88.25 87.5 87 86.75 87 86.5 85 NA 85 85 85 85 85.75 85 84.75 84.5 84.75 85 85.75 86 85.75 86.25 87 87.25 87 86.25 87 88 88 88 88 88 88 88.5 88.75 88.75 89 89 89 88.5 88.25 89 89.5 89.5 89.5 88.25 87 87.5 87.25 88 88.5 87.75 87.5 88 88 87.75 87.5 87.5 87 87.75 88 88.75 88.5 89 88.75 88.5 88.25 88.75 89.5 89 88 88.25 88.5 88.75 88.5 88.25 87.5 87.25 86.5 85.5 85.25 86.5 87 86.75 87 87.25 87 87 87 87.25 88 87.5 87.75 87 87 87 86.75 86.25 85.75 85 84 84 84.75 84.25 84 84 84 84 84 84 84 84 83.75 83 83 83 83 83 83 83 83 83 82.5 82 82 82 82 82 82 82 82 81.25 81 81 81 81 81 81 81 80 80 80 80 80 80 79.5 79.25 79 79 79 79 78.5 78 78 78 78 78 77.5 77 77 77 76.25 76 75.75 75.5 75 74.5 74 74 73.75 72.75 72 71 70.25 70 69.25 69 69 68.75 68 67 67.5 67 67 66.25 66 65.25 65 65 65 64.5 64 64.33334 NA NA NA NA NA NA NA NA NA NA NA NA NA NA NA NA NA NA NA NA NA NA NA NA NA NA NA NA NA NA 
NA NA NA NA NA NA NA NA NA NA NA NA NA NA NA NA NA NA NA NA NA NA NA NA NA NA 87.75 88 88 86.75 86 86.25 87 85.75 84.75 85 85.5 85.5 85.5 85.75 86 85.25 85 84 84 84.25 85.5 85.5 85.5 85.75 86.25 87.25 87.25 87 87 87.5 88 88 88 88.25 88.5 88.75 89 89 89 89 89 89 88.5 88.5 88.75 89 89 88.25 87.75 88 87.75 88.5 88.5 88.5 87.5 87.25 87.25 87.5 87 87 87.5 87 87.25 88 89 89 89 89 88.25 88 88.75 89 88.5 87.75 87.5 87.75 88 88.5 88.25 87 86 85 86 86.25 86.75 87.75 88 87.75 88 88 88 88.5 88 87.75 87.5 87.75 87.25 86.25 87 87 86.25 85.5 85.5 85 84.25 85 84.75 84 84 84 84 84 84 84 84 83.5 83 83 83 83 83 83 83 82.75 82 82 82 82 82 82 82 82 82 81.25 81 81 81 81 81 81 80.75 80 80 80 80 80 80 80 80 79 79 79 79 78 78 78 78 78 78 77.5 77.25 77 76.25 76 76 76 75.25 75 74 73.25 73.5 73 72.75 72 71 70.5 70 70 69.5 68.75 69 68 67.5 67 67 67 66.25 65.75 65.25 65 64.5 64.25 64 64 64 NA NA NA NA NA NA NA NA NA NA NA NA NA NA NA NA NA NA NA NA NA NA NA NA NA NA NA NA NA NA 
NA NA NA NA NA NA NA NA NA NA NA NA NA NA NA NA NA NA NA NA NA NA NA NA NA 88.5 88.25 87.5 87 86.75 86.5 85.25 85 84.5 84.75 86 85.25 85.5 86.5 86.5 87 86.5 86 85.25 84.5 84.5 84 85.5 86.25 86.75 86.25 86 86 86.25 86.75 87 87.25 88 88 88 88 88.5 88.5 88.5 88 88.5 89 89.25 89 89.5 90 89.75 89 88 88 88 88 88.75 87.75 87.5 87.25 87.25 87.5 87.5 87 87.25 88.25 88 87.5 88.5 88.75 88.25 88.75 89 89 88.25 87.5 87.5 87 87.25 86.75 86.5 87 88 88 88 86.75 85.25 85.75 87 87.5 88 87 87.25 87.25 87.25 87.5 88.25 87.75 87 87 86.75 86.5 86.5 87 87 87 86 86 85.75 85 85 85 84.75 84 84.25 84 84 84 84 83.25 83.25 83 83 83 83 83 83 83 82 82 82 82 82 82 82 82 82 82 81 81 81 81 81 81 81 80.5 80.25 81 80 80 80 80 80 80 79.5 79 79 79 79 78.5 78 78 78 78 78 77 76.5 76.75 76.5 76.25 75.5 75 74.25 74 73.75 73.75 73 72.75 72 71 71 70.25 70 69.75 69 68.25 68.25 67.25 66.75 67 66.5 66.25 65.75 65.75 65 65.25 65 64.25 64 64 64 NA NA NA NA NA NA NA NA NA NA NA NA NA NA NA NA NA NA NA NA NA NA NA NA NA NA NA NA NA 
NA NA NA NA NA NA NA NA NA NA NA NA NA NA NA NA NA NA NA NA NA NA NA NA 87.5 87 87.5 87.5 86.25 86.75 85.75 85 85 85.75 86.5 85.5 85 85.25 85.25 85.75 85.75 86.25 86.75 87 85.5 84.75 84.5 84.25 84.5 85.25 86.25 87 87 87.5 87.5 87.75 87.5 88 88 88 88 88.5 88.25 88.25 88.5 88.25 89 89 89.5 89 90 90 90 89 88.25 88 88.5 89 88.75 87.75 87.75 88 88 87.5 87.25 87.25 87.5 88.5 89.5 89 88.25 88 88 88.5 88 87.75 87.75 88 88 88.5 87.5 86.5 86.75 87.25 87.75 87.25 86.25 85.5 86.25 86.5 86.5 87 86.5 87 86.5 87 87 87.5 88 87.5 87 86.25 86.5 86 86 86.25 86.25 86 85.75 86 85.5 85.25 85 85 84.25 84 84 84 84 84 83.25 83 83.25 83 83 83 83 83 82.25 82 82 82 82 82 82 82 82 82 81.75 81 81 81 81 81 81 81 80.25 80.75 81 80 80.25 80 80 80 80 80 79.25 79 79 79 79 78.5 78.25 78 78 78 77 76.5 76 76 76 75 75 74.5 74 73.75 73.25 73 72.25 72 71.25 71 71 70.25 70.25 69.25 68.75 68.25 68 66.75 66 66.75 66.5 66 65.5 65 65 65.25 64.25 63.75 63.5 63.75 NA NA NA NA NA NA NA NA NA NA NA NA NA NA NA NA NA NA NA NA NA NA NA NA NA NA NA NA NA 
NA NA NA NA NA NA NA NA NA NA NA NA NA NA NA NA NA NA NA NA NA NA NA NA 88.5 88 86.25 86.25 86.25 86 85.5 86 86 87 86.5 86.25 86.25 86.5 85.75 85 86.5 86.5 87 87.75 87 86 85.5 85.25 85 84.25 85.25 86.5 86.75 87.5 87.5 88 88 88 88.75 89 88.25 89 89 88.5 88 88.75 88.75 89.5 89.25 89 89.75 90 89.75 90 89.25 88 88 88.25 88.25 88 87.75 88.25 88.5 87.75 88.25 87.5 88 88.25 89.25 90 89.25 89.25 88.75 88 88 87.5 88 88.5 89.5 89.75 88.25 87.25 86.5 86.5 87.5 87.5 86.25 85.75 86 86.75 87.25 87.25 86.5 86.5 86.75 87 87.5 88.5 88.75 88.75 88 87 87 86.75 86 85.75 85.5 86 86 85.5 85.5 85 85 84.5 84.25 84 84 84 84 84 84 83.25 83.5 83 83 83 83 82.25 82.25 82.25 82.25 82 82 82 82 82 81.75 82 81.75 81 81 81 81 81 81 81 80.75 80.75 81 81 80 80.5 80.25 80 80 80 80 79 79 79 79 79 78.5 78 78 77.75 76.75 76.25 76 76 76 75.25 75 74.75 74 73.5 73 72.5 72.5 72.25 71.75 71 71.5 71.25 71 70.25 69.25 69 68.75 67.5 66.5 66.25 65.75 66 65 65 65 64.25 64 64 63.25 63.25 64 NA NA NA NA NA NA NA NA NA NA NA NA NA NA NA NA NA NA NA NA NA NA NA NA NA NA NA NA 
NA NA NA NA NA NA NA NA NA NA NA NA NA NA NA NA NA NA NA NA NA NA NA NA NA NA 87.66666 86.25 86.25 85.25 85.75 85.75 86.25 87 86.5 86 86 86.5 87 86 86.25 86.5 86.75 87 86.5 86.75 86.75 85.5 85.5 84.75 84.75 85 85.75 86.25 86.5 86.75 87.25 87.5 88.5 88.5 89 88.75 89 89 88.75 88.25 89 89 90 90 89.75 89.5 90 90 89.75 88.75 88 88.5 88.25 88.5 87.5 88 89 88.25 88 87.75 88.25 89.25 89.5 89 88.75 88.75 88.75 88.25 89.25 89 89 89.5 90 89.75 88.75 88.25 87 86.75 86.5 87 86 86 86 85.75 86 85.75 86.25 86.75 87.25 88 87.75 88.25 89.25 89.25 88.25 87.75 87.75 87.5 86.25 86 85.5 85.5 85.75 85.75 85.5 85 84.5 84.5 84 84 84 84 84 84 84 83.25 83.25 83.75 83 83 82.5 82.5 82.5 82.5 82.25 82 82 82 82.25 82 81.75 81.75 82 81.75 81.25 81 81.25 81 81 81 81 81 81 80.75 80.75 81 81 80 80 80 80 79.75 79 79 79 79 78 78 78 77.25 76.25 76 76 76 76 75.5 75 74.5 74.5 73.75 73.25 72.5 72.5 72.5 72 72 71.75 71 71 70.5 70 69.5 69 68 66.75 66 65.5 65 65 65 64.5 64.5 64 63.75 63 63 64.25 64 NA NA NA NA NA NA NA NA NA NA NA NA NA NA NA NA NA NA NA NA NA NA NA NA NA NA NA 
NA NA NA NA NA NA NA NA NA NA NA NA NA NA NA NA NA NA NA NA NA NA NA NA NA NA NA NA 87 86.25 86 85.75 86.25 86.25 86.25 86 86.5 87.25 87.5 87.25 86.25 86.75 87 87.25 86 86 86.5 86.25 85 84.75 86 86.75 87.5 87 87.5 87.25 87.5 87.25 87.75 88.75 89 89 89 89 88.75 89.25 89 89 90 90 90 90 90.5 90.5 90.5 89.75 88.5 89 89 88.5 87.75 88 88.75 88 88 88.5 88.75 89.75 90 89.5 89.25 89.25 88.5 88.5 89.25 89.75 90 90 90 90 89 87.5 87.5 87.75 86.75 86.5 86.25 86.25 86.75 86.5 86.25 86 86 87 87.25 88 88 88.25 89 88.5 88.5 88 87.75 88 87.5 86 85.75 86 85.25 85 85.25 85 85 84.25 84 84 84 84 84 84 83.25 83.5 83.75 83 83 83 83 82.5 82.5 82.5 82.75 82.25 82 82.5 83 82.5 82.25 82 82 82 81.75 81.75 81 81 81 81 81 81 81 81 81 81 80.75 80 80 80 80 80 79.25 79 79 79 79 78 78 77.5 77.25 77.5 76.75 76.25 76 75.5 75 74.5 74 73.25 73 72.75 72.25 72 72 72 71 71 71 70.75 70 69 69 68.75 67.75 67 66.25 66 65 64.25 64 64 64 64 63.75 63 63 63.5 62.25 62 NA NA NA NA NA NA NA NA NA NA NA NA NA NA NA NA NA NA NA NA NA NA NA NA NA 
NA NA NA NA NA NA NA NA NA NA NA NA NA NA NA NA NA NA NA NA NA NA NA NA NA NA NA NA NA NA NA 86.66666 86.5 86 86.25 86.75 87 87.75 88 88 87.5 87.5 87.75 87.25 87 86.25 85.25 85.5 85.25 85.5 85.75 86 86.5 87.5 88.25 88 88.5 88.5 88.75 89 89 89 89 89.5 90 89.5 89 89 90 90 90 90 90.75 90.75 91 90.75 90.5 89.5 89 88.75 88.25 88.5 88.5 88.25 88.25 89 89.75 90.5 90.25 90.5 90 89.75 89 88 88.5 89 90 90 90 90 89.5 88.25 88.25 87.25 87.75 87.5 87 86.75 86.5 86.25 86 86 86.5 87.25 87.75 87 86.75 87.25 87.75 87.5 87.75 88 88 88 88 87.5 86 85.5 85.25 85 85 85.5 85 85 84.25 84 84 84 84 84 83.75 84 83.25 83 82.5 82.75 82.75 82.25 82.75 82.75 82.75 83 82.5 82 82.25 83.25 82.75 82.5 82.25 82 82 82 81.25 81 81 81 81 81 81 80.25 80 80 80 80 80 80 80 80 79.75 79 79 79 78.5 78.25 78.5 78 78 77.75 77.75 77 76.25 75.25 75 74.25 74 73.75 73.75 73 73 72 72 72 71 71 70.75 70.25 70 69 69 69 68.25 68 67.5 66.5 65.5 64.5 64 64 63.5 63 63.5 63.25 62.5 62.25 61.75 62 62.33333 62.5 NA 63 NA NA NA NA NA NA NA NA NA NA NA NA NA NA NA NA NA NA NA NA NA 
NA NA NA NA NA NA NA NA NA NA NA NA NA NA NA NA NA NA NA NA NA NA NA NA NA NA NA NA NA NA NA NA 87.33334 87 86.75 87 87.5 88 88 88 88 88 88.25 88.25 88 87 86.25 85.5 85 86 86.25 86.75 87 87.75 87.5 87 88.5 89.25 89.5 89.5 89.5 89 89 89.25 89.25 90 89.5 89.25 90 90 91 91 91 90.5 90.5 90.75 91 90 89 89 89.25 90 89 88.5 89 89 89.75 90.75 91 91 90.25 89.5 89.25 88.75 88.5 89 90 90 90 90 90 89 88.25 88 88 87.5 87 87 87 86.5 86 86.5 86.5 87 87.25 86.5 87 88 87.5 87.5 87.75 87.5 87.75 88 88 87.5 86.25 86 86 85.25 85 85.75 85 85 85 84.25 84 84 84 84 83.5 83.25 83 83 83 83 83 82.75 83 82.75 82.5 82.75 83 82.25 82 82.5 84 83.5 82.25 82 82 81.75 81.5 81 81 81 81 81 80.25 80 80 80 80 80 80 80 79.75 80 80 80 79.5 79 79 79 78.75 79 78.25 78 78 77.25 76.75 75.75 75 74.75 74.5 74 74 73 72.75 72 72 72 71 71 70.25 70 70 69 69 68.75 68 68 67 67 65.75 64.5 64 63.75 63.5 63.5 63.75 63 62 62 62 61.5 61.5 61.5 61.5 61.5 62.33333 NA NA NA NA NA NA NA NA NA NA NA NA NA NA NA NA NA NA NA NA 
NA NA NA NA NA NA NA NA NA NA NA NA NA NA NA NA NA NA NA NA NA NA NA NA NA NA NA NA NA NA NA NA NA NA NA 88 88 88 88 88 88 88 88 88.25 87.75 87 86.75 86.25 85.25 85 86 86 86.25 87.5 87.25 87.25 88.25 89.5 90 90 90 90 89.75 89.5 89 89 89.75 90 90.25 90.5 90.5 90.75 90.5 90.75 91 91 91 90.25 89.5 89 89.25 89.75 89.5 89.25 90 89 89.75 90 90.5 90 90 90 89.75 90.25 89 89.75 90.25 90 90 90 89.75 88.5 88 88 88.25 87.75 87.25 86.75 86.5 86 86 86 86 86.25 86.5 86.25 87.25 87.5 87.25 88 88 87.25 87.75 88 88 87.75 86.25 85.75 85.75 85.5 85 85 85.75 85.25 84.75 84.25 84 84 84 84 83 83.5 83.5 83 83 83 83 83 83 83.25 83.5 83.75 84 83.5 83 83.75 84 83.5 82.75 83.25 82.5 82 82 81.25 81 81 81 81 81.5 81.25 81 81 80.5 80.5 80.25 80.25 79.5 80 80 79.75 79.25 79.5 79.25 79 79 79 78.75 78.5 78 78 77.25 76.25 75.75 75 74.5 73.75 73.5 73 72.25 72 71.25 71 71 71 71 70.25 70 69 69 68 68 67.75 67 66.25 65.5 65 64 63.75 63 62.75 62.25 62.75 62.25 62.25 62.25 61.75 61.5 61 61.75 62.75 63 NA NA NA NA NA NA NA NA NA NA NA NA NA NA NA NA NA NA NA NA 
NA NA NA NA NA NA NA NA NA NA NA NA NA NA NA NA NA NA NA NA NA NA NA NA NA NA NA NA NA NA NA NA NA NA NA NA NA NA 88 88 88 88 88 88 87.5 86.25 86.25 87 86 85.5 85.5 85.75 86.5 87 87 88 89.5 90 89.5 90 90.25 90 90.25 90.5 90.25 89.75 89.75 90 90.5 91 91 91 91 91 91 91 91 90.75 90 89 89.75 90 89.25 89.5 90.25 89.75 90.25 90.5 90 90.25 90 90.75 90.25 90.5 89.5 89.75 90 90.5 90.5 90 89.5 88.25 87.75 87.75 88 88 87.5 86.5 86 86 86 86 87 87.75 87.5 86 86.75 86.75 87 87.75 88.5 88.25 88.25 88.25 88 88 87.25 86 85.5 85.5 85.75 85 85 85 85.25 84.75 84 84 84 84 83 83 83 83.5 84 83.25 83.5 83.75 84 83.75 84 83.25 83.75 83 83.75 84 83 83.75 84 84 83 82 82 81.25 81 81 81.5 81.75 82 82 81 81.25 81 81 80.75 80.25 79.75 80 80 80 79.75 79.5 79.25 79 79 79 78 78 78 77 77 76.75 76 75.25 75 74 74 73.25 72.5 72 71.25 71.25 70.75 70 70.25 70 69.5 69 69 68 68 68 67 66.5 65.75 64.5 64 64.5 63.25 63.5 62.5 62 62.5 62.25 62 61.75 61.75 61.5 62.25 61.75 60.75 61.5 62 61 60.25 60 NA NA NA NA NA NA NA NA NA NA NA NA NA NA NA 
NA NA NA NA NA NA NA NA NA NA NA NA NA NA NA NA NA NA NA NA NA NA NA NA NA NA NA NA NA NA NA NA NA NA NA NA NA NA 89 88.5 88.75 88.75 88.5 88 87 86.25 86 86 85.75 86.25 87 87.25 86.5 86.5 87.25 88.25 89 90 89.5 90 90.5 91 91 90.5 90.25 90 91 90.5 90.5 91 91 91 91 91 91 91 91 91 90.5 89.25 89.25 90 89.75 89.25 90 91 90.75 91 90.5 90.75 90.75 90.5 90 90.75 89.75 90 90.25 90.25 90 89 88.25 88 88 87.25 87.25 87.5 87.5 87 87 86.25 86 86.5 87 88 87 86.75 88 88.25 87.75 87.75 88 89 88.5 88 88 88.25 87.5 86 86 86 85.5 85.25 85.75 85 84.5 84.75 84.25 84 84 84 83.75 83 83 83.5 84 84 84 84 84 83.5 83.75 83.5 83.25 83.25 83.5 83.25 82.75 82.75 82.75 83 82.75 83 83 82.5 81.75 81.25 81.75 81.75 81 81.25 81.25 81 81 80.5 80 80 80 80 80 80 80 79.75 80 79 79 79 78.5 78 77 77 76.5 76.25 75.75 75 74 74 74.25 73.75 73.5 72.5 72.5 71.25 70.75 70.75 70 70 69.25 68.5 68 67.75 67.5 66.75 66.5 66.25 66 65.5 64 63.5 63.75 63.75 63.25 62.5 62 62 62 62.5 62.5 63 62.25 60.5 59.25 59.5 59.75 60 58.75 58.5 59.25 NA NA NA NA NA NA NA NA NA NA NA NA NA NA 
NA NA NA NA NA NA NA NA NA NA NA NA NA NA NA NA NA NA NA NA NA NA NA NA NA NA NA NA NA NA NA NA NA NA NA NA NA NA NA 89 89 89 88.5 86.5 86.25 87 87 87 86 86 86.25 87 87.25 87.75 88.5 89 88.75 89.5 89.5 89.5 89.75 90.25 91 91 90.5 90.75 91 91 90.75 91 91 91 91 91.25 91.5 91 91.25 91.5 91.25 90 90.25 90.25 90.5 90.5 91.25 91.75 91.25 91.75 91 91 91 90.25 90.25 90.25 90 90.25 91 91 90 88.75 88 88 89 88 87.25 87 87 87 87 86.25 86 86.5 86.5 87.5 88 87.75 88.5 89.25 89.5 89 88.25 88.75 89 88.5 88 88 86.5 86.25 86.5 85.75 85.75 86 85.5 85 85 84 84.25 84.25 84 83.5 83.25 83 83 83.25 83.5 83.75 84 84 84 83 83 83 83 83 83 83 83 82.75 82.75 82.75 82.25 82 82 82 82 81.5 81.25 81.25 81 81 81 81 80.75 80.5 80.25 80 80 80 80 80 80 80 79.75 79.25 79 79 78.75 78 77.75 77 76.75 76.25 75.5 75 74.25 73.75 74 73.5 72.75 73 72.75 71.75 71.5 71.5 70.5 69.5 69 69.5 69.5 68.75 68 66.75 66 66 66 66 64.5 63 63.25 63 63 62.75 61.75 61.75 61.5 62.25 62.5 61.75 61.25 61.25 60 59.25 59.25 58.75 58.25 58 58.5 58.75 NA NA NA NA NA NA NA NA NA NA NA NA NA 
NA NA NA NA NA NA NA NA NA NA NA NA NA NA NA NA NA NA NA NA NA NA NA NA NA NA NA NA NA NA NA NA NA NA NA NA NA NA NA NA 89.25 89.5 89 87.5 87.5 88 88.25 87.5 86.5 86.5 86.5 87 87.5 87.5 88.25 89 90 90 89.75 90.75 90.5 90.75 91 91 91 91.5 91.5 91 91 91.25 91.5 91.25 92 92 91.5 92 92 92.25 92 90.75 91 91 90.75 91.5 92 91.75 92 92 92.25 91.5 91.25 91 91.25 91 90.75 90.5 91 90.25 89.25 88.5 88.25 88.5 88.5 88.25 87.25 87.25 87.25 86.75 86.5 86 86.25 86.75 87 87.75 88.25 89.25 89.25 90 90 90 89 89 89 88.25 87.5 86.75 86 86 85.75 85.75 85.75 85.75 85.25 84.5 84.5 84 84.25 83.75 83.5 83.5 83 83 83 82.75 82.75 83 83.25 83 83 83 83 82.75 83 83 83 82.75 82.5 82.25 82 82 82 81.75 82 82 81.75 81 81 81 81 81 80.75 81 81 81 80.75 80.5 80 80 80 80 80 80 80 79.75 79 79 78.5 78 77.5 77 76.75 76.25 75.25 75 74.25 73.25 73 71.75 71 71.25 70.75 70 70 70.5 70.5 70.75 70.75 70 70 69 68.75 67.5 66 66 65.5 65.25 65.5 64 63 63 63 63 62.5 61.75 61.5 62 61.25 60.5 60.5 60.5 59.25 59.5 59 58.5 58.75 58.75 59 58.5 59 59 NA NA NA NA NA NA NA NA NA NA NA 
NA NA NA NA NA NA NA NA NA NA NA NA NA NA NA NA NA NA NA NA NA NA NA NA NA NA NA NA NA NA NA NA NA NA NA NA NA NA NA NA NA NA 90 89.25 88.25 88.25 88.5 87.25 88 87.25 87.75 87 87.25 88.25 89 89.5 90.25 90.75 90 90.25 90.75 91.25 91.5 91.25 91.75 92 92 91.5 91.5 92 92 92 92 92 92 92 92 92 92 92 91.75 92 92 92 92 91.25 91 90.75 92 92.25 92 92.5 91.75 92 92.25 91.25 89.75 89.75 89.5 88.5 88 88.25 88 88 87.75 87.5 86.75 86 86 86 86 86.75 87 87 87 88.5 89.5 90 90 90 90 89 88 87.75 87.25 86.5 86.25 86.75 86 86 85 84.5 84.5 84 84 84 84 84.25 83.25 83 83 84 83.25 82.75 82.75 83 83 83 83 83 83 82.75 83 83 83 82.5 82 82 82 82 81.75 81.5 81.75 81.25 82 82 81.25 81 81 81 81 81 81 81 81 80.75 80.25 80 80 80 80 80 79.75 79 79 78.75 78.25 77.75 77.25 77 76 75.75 75 74.75 74 74 73.75 72.5 71.5 72.25 71.25 70 69.5 69.25 69.75 69.5 69.5 69.25 68.5 68.5 68.25 67 66 66 65.5 65 64.5 64 63.5 63 62 62.5 62 61 61 61.5 61 60.75 60 59.25 59 59 60 59.75 59.75 60 59.5 59.25 58.5 58.25 58.66667 NA NA NA NA NA NA NA NA NA NA 
NA NA NA NA NA NA NA NA NA NA NA NA NA NA NA NA NA NA NA NA NA NA NA NA NA NA NA NA NA NA NA NA NA NA NA NA NA NA NA NA NA NA NA 90.66666 89.25 89 88.25 88 88 88.75 88.5 88.25 88 87 87.75 89.5 91.25 92 91.75 90.5 91 91.25 92 92 91.75 92 92 92 92 92 92 92 92 92 92 92 92 92 92.25 92 92 92 92 92 92 91 90.75 91 91.25 92 92 93 92.25 92.25 92.5 91.25 89 89.5 89.75 89.25 88.25 87.5 87 87 87 87 87 86.5 86.75 86.75 87 87 86.75 87 87.25 88 89.25 89.5 90 90 90.25 89 87.5 87 87.25 86.75 87 87.25 86.25 85.75 86 85.5 85.5 84.5 84 84 84 84 83.25 83 83.25 83.25 83 82.5 83 83 83 83 83 83 83 83 83 82.75 82.5 82 82 82 82 82 81.75 81.5 81 81 81 81 81 81 81 81 80.5 81 81 80.5 80.5 80.25 80 80 80 80 80 79.75 79 79 79 78.5 78 77.75 77 76.5 76 75.25 74.25 74 73.5 73.25 73.25 73 72.75 71.75 71.5 70.5 69.25 68.75 68.75 69 68.75 68.5 68.5 68 67.5 67.75 66.25 65.75 65.25 64 64 64 63.5 63 62.25 61 61.5 61 61.5 60.5 60 59.5 59.5 59.75 59.75 59.75 59.75 59.25 59.5 59.5 58.25 58 58.25 59 58.75 57.5 NA NA NA NA NA NA NA NA NA 
NA NA NA NA NA NA NA NA NA NA NA NA NA NA NA NA NA NA NA NA NA NA NA NA NA NA NA NA NA NA NA NA NA NA NA NA NA NA NA NA NA NA 91 91 90.25 89.5 88.75 89.5 89.5 89.25 89.5 89.75 89.25 88.25 88.25 89.5 91 92 92 92.25 92.5 92.25 91.75 91.25 91.5 92 92 92 92 92 92 92 92.25 92 92 92 92 92 92 92 92 92 92 92 92 90.5 91.25 91.75 91.25 91.25 92.25 92.75 92.5 92.25 91.25 90.5 89 89 89.5 89.5 88.25 88 87.75 87.5 87.5 87 87 86.75 86.5 86.75 87 87 87.25 87 87 88.25 88.75 89 89.75 90 90.25 89.25 87.75 87 87.5 87 86.75 86 86 85.5 85.25 85 85.25 85 84.5 84.25 84 84 84.5 84.25 84 84.25 83.25 83 83 83 83 83 83 83 83 83 82 82.25 82 82 82 82 82 82 81.75 81 81 81 81 81 81 81 81 81 80.5 80.75 80.25 80 80 80 80 80 80 79.5 79.5 79.25 79 79 78.5 78.25 77.75 77.5 77 76 75.5 75.75 74.75 74 73.25 73.5 73.25 73.25 72.5 72 72 71 70.25 69.25 68.25 68 68 68 67.25 67.25 67.5 66.75 66.25 65 64.75 64.25 63.5 63.5 63.25 63 63 61.75 61 61 60.5 59.5 59.75 60 58.75 58.75 59.25 59.5 58.75 58.5 59.25 59.25 58.5 58 58 58.25 56.5 56 NA NA NA NA NA NA NA NA NA 
NA NA NA NA NA NA NA NA NA NA NA NA NA NA NA NA NA NA NA NA NA NA NA NA NA NA NA NA NA NA NA NA NA NA NA NA NA NA NA NA NA NA NA 91 91 91 90.25 90 90 89.75 90 90 89.5 88.25 89.5 90 90.25 91 91.75 93 93 92.75 91.75 91.75 92 93 93 92.5 92.5 92.5 92 92 93 93 92.5 92 92 93 92 92.25 92 92 92.25 92.5 92 90.75 90.75 91 91.25 91 91.5 91.75 91.5 90.75 90.25 90 89 89 89 89 89 88.25 88 87.75 87.5 87 87 87 87 86.75 86.5 87 87 86.5 86.75 87.5 88.25 88.75 89 90 90.5 88.5 87.25 86.75 86.75 86.5 86.75 86 85.25 85.5 86 85.5 85 85 85 85.25 84.5 84.75 85 84.25 83.75 83.5 83 83.25 83.75 83 83 83 83 83 83 83 82.25 82 82 82 82 82 82 81.75 81.5 81 81 81 81 81 80.5 80.75 81 80 80.5 81 81 80.25 80 80 80 80 79.25 79 79 79 79 78.25 78 78 77.25 77 76.5 76 74.75 74.5 75.25 75 73.75 72.75 73 73 73 72 71.75 71 70.25 69.75 69 68.25 67.75 67 67 66.25 66.25 65.5 65.5 65 64 64 64 63 63 62.5 62 62 61.25 60.75 60 60 60 60 59.5 58.25 58.5 58.5 58 58 58.25 59 58 57 57.75 57.5 56.25 55.5 56 NA NA NA NA NA NA NA NA 
NA NA NA NA NA NA NA NA NA NA NA NA NA NA NA NA NA NA NA NA NA NA NA NA NA NA NA NA NA NA NA NA NA NA NA NA NA NA NA NA NA NA NA NA 92 92 91.25 90.5 91 90 89 89 89.5 89.5 89.5 90 90.25 90.75 91.75 92 92.5 92.75 93 92 92.5 93 93 93 93 93 92.5 92.5 93 93 93 93 92.25 92.25 92.75 93 93 92.5 93 92.5 92.5 91.5 90.25 91 91 91 91 91.25 90.5 90 90 90 89 89 89.5 89.25 88.5 88 88 88 87.25 87 87 87 87.5 87 86.5 86.75 86.5 86.75 87 87 87.66666 88 NA NA NA NA 87.66666 87 86.75 86 86.5 85.75 85.5 85.25 85 84.5 84.5 84.25 84.25 84.5 85 85 85 84.25 83.75 83.25 83.25 83 83 83 83 83 83 83 83 82.75 82.25 82 82 82 82 82 82 81.25 81 81 81 81 81 81 80 80 80 80 80 80.5 80 80 80 80 80 80 79.25 79 79 79 78.25 78 77.5 77 77 77 77 76.25 75 74 74 74 74 73.5 72.5 72 72 71.75 71 70.75 70 70 69.5 68.5 67.25 67 66.75 66 65.75 65 65 65 64 63.75 63.5 63 62.25 62 62 61.75 60.75 60.25 60 60 60.5 60.25 59 58.25 58 58 57.5 57.5 57.5 57 58 57 57 57.75 56.75 55.5 55.5 56 NA NA NA NA NA NA NA 
NA NA NA NA NA NA NA NA NA NA NA NA NA NA NA NA NA NA NA NA NA NA NA NA NA NA NA NA NA NA NA NA NA NA NA NA NA NA NA NA NA NA NA NA NA NA NA 92 91.5 89.75 89.5 90 90 90 90 90 90.5 90.5 91 91.5 92.25 93 93 92.25 93 93 93 93 93 93 93 93 93 93 93 93 93 93 93 93 93 93 93 93 93 92 91 90.5 91 91 91 91 90.75 90.25 90 90 89 89 89 89 88.75 88 87.75 87.5 87.75 87 87.25 87.75 87.25 87 86.75 86 86.25 87 NA NA NA NA NA NA NA NA NA 87.66666 87 86 86.25 86.25 85.75 85.5 85.75 85.5 86 84.75 84.25 84 83.75 84.5 83.75 84 84 83.75 83.25 83 83 83 83 83 83 82.5 82.25 82 82 82 82 82 82 81.75 81 81 81 81 80.5 80.5 80.25 80 80 80 80 80 80 80 80 80 80 80 79.75 79.25 79 79 79 78.25 78 77.75 77.75 78 77 77.25 77 76.5 75.5 74.25 74 73.75 73 73.25 73.25 72 71.75 71 71 70.25 70 69.5 69.25 68.25 67 66 66 66 65.5 65 64 64 63.25 63 63 62.5 61.75 61.5 61.5 61.5 60.5 60.75 60 60 60 60.25 59.5 59.5 58.5 57.25 57 57 56.5 56.75 58 57 56.5 56.5 56.5 55.25 55.5 55 56 NA NA NA NA NA NA 
NA NA NA NA NA NA NA NA NA NA NA NA NA NA NA NA NA NA NA NA NA NA NA NA NA NA NA NA NA NA NA NA NA NA NA NA NA NA NA NA NA NA NA NA NA NA NA NA NA 91 91 90.75 90.5 90.25 90.5 91 90.25 90.5 91.25 92.5 92.5 92.5 93 93.25 93.5 93.25 93 93.5 93.5 93.75 93 93 93 93 93 93 93 93 93 93 93 93 93 93 93 92.75 92.25 91 91 91 91 91.25 91.5 91 90.75 90 89 89 89 89 89 89 88.25 87.5 87.25 87.25 87 87.75 87.5 87.5 87.5 87 NA NA NA NA NA NA NA NA NA NA NA NA 87 86.25 86 86 86.25 86.75 86.25 85.25 85.5 85.25 85 84.5 83.25 83.25 83.25 83.25 83.25 83.5 83.25 83 83 83 83 83 82.75 82 82.5 82 82 82 81.5 81 81.25 81 81 81 81 80.75 80.25 80.25 80 80 80 80 79.25 79 79.25 80 80 80 80 79.5 79 79 79 79 78.75 78 78 78 77.75 77.5 77.5 76.75 75.75 75.5 75 74.25 74 73.5 73 73 73.25 73.5 72.25 71.25 70.5 70 69.25 69 69 69.25 67.5 66.25 66 66 65 65 64 64 63.5 63 62.75 63 62 61.5 60.75 60.5 60.5 60.25 60 60 60 59.5 59 58.5 58.75 58.75 57.75 56.25 55.75 56.5 56.5 57.25 56.25 56 56 55 55.5 55.5 55.25 55.25 NA NA NA NA NA 
NA NA NA NA NA NA NA NA NA NA NA NA NA NA NA NA NA NA NA NA NA NA NA NA NA NA NA NA NA NA NA NA NA NA NA NA NA NA NA NA NA NA NA NA NA NA NA NA NA 92.5 91.5 90.75 90.75 90 91.25 91.25 90 91.5 91.75 92.25 92.25 92 92.5 93.5 94 93.75 93.75 94.5 94 94 93.75 93.75 93.5 93.5 93.5 93.25 93 93 93 93.5 93 93 93 93 93 93 92 91.5 91 90.5 90.75 91.75 91.5 91.25 91 90.75 90 89.5 89.25 89 89 89 88.75 87.75 88 87.75 87.75 NA NA NA NA NA NA NA NA NA NA NA NA NA NA NA 86.75 87 87.33334 86.5 86 86 86.5 87.25 86.5 85.75 85 85 85.5 84.75 84 83.5 83.5 82.5 82.5 83 83.25 83.5 83 83 83 83 83 83 82.75 82 81.25 82 81.75 81.25 81 81.25 81 81 81 81 81 80.5 80 80 80 79.5 79.25 79 79 79.25 79.5 79.5 79 79 79 79 79 78.5 78 78 77.25 77 77 76.75 76.5 76 75.5 75 75 74.5 74 74 73 73 72.5 72.5 73 72 71.25 70.25 69.25 69 68.75 69.75 68.25 66.5 66 65.75 65.75 65 64.25 64 64 63.75 63.5 64 63.75 63 62 60.75 60 60 60 60 59.5 59 59.5 58.5 58 57.75 57.75 58 57 56 55.25 56.25 56.5 55.5 55.5 55.25 56 54.75 54.75 55 55 55 54.25 54 NA 
NA NA NA NA NA NA NA NA NA NA NA NA NA NA NA NA NA NA NA NA NA NA NA NA NA NA NA NA NA NA NA NA NA NA NA NA NA NA NA NA NA NA NA NA NA NA NA NA NA NA 93 92 92 91.25 91 90.5 90.5 91 91.5 92 92.25 92.5 93 93.25 93.5 94.75 95 94.25 94.25 94 94.25 94.25 94 94 94 94 93 93.25 94 94 93.75 93.75 93 93.5 93 93.25 93 93 91.75 91.5 90.25 90.25 90.75 90.5 90.25 90.5 90 89.25 89.5 89 89 89 88.5 88 88 88.25 88 88.25 NA NA NA NA NA NA NA NA NA NA NA NA NA 87 86.66666 87 87.25 86.5 86 86.5 87 86.5 86 86.75 85.75 85 85.75 85.25 84.25 84 85 83.75 83 82.75 82.75 82.5 83 83 83 83 83 82.25 82 81.75 81 81 81.75 81.5 81 81.25 80.5 81 81 81 81.25 80.25 80 80 79.25 79.25 79.5 79.25 79 79 79 79 79 79 79 79 78.25 78 78 78 77.25 77 77 76.5 76 76 75.5 75 75 74.25 73.75 73.25 72.75 72.5 72.25 72 71.75 71.5 72.5 72.5 70.5 69.25 68.5 69.5 69.25 66.75 66 65.25 66 65.75 64.5 64.5 64 64 64 64.25 63.25 62.75 62.25 62 61.75 61.25 60 59.25 59.5 59 59 59 59 58 57.5 57.5 56.75 56.25 55.75 55.5 56 56 55 55 55.5 54.25 55 54.25 53.75 53.75 54 54.5 54.5 
NA NA NA NA NA NA NA NA NA NA NA NA NA NA NA NA NA NA NA NA NA NA NA NA NA NA NA NA NA NA NA NA NA NA NA NA NA NA NA NA NA NA NA NA NA NA NA NA NA NA NA NA 93.5 NA NA 92 92.33334 91.33334 92 92.25 92 92.5 93.25 93.5 93.75 94.75 95 95 94.25 94.75 95 94.75 94.25 95 95 94.25 94 94 94 94 94 93.75 93 93.5 93.5 93 93 93 93 92.75 92 90.75 90 89.5 89.25 89.25 89 89 89.25 89.25 89 88.75 88.25 88 88 88.75 88.25 88.5 89 NA NA NA NA NA NA NA NA NA NA NA NA NA NA 87 87.33334 87 86.5 86.75 86 86 86.25 85.5 85.5 84.75 85.5 85.5 84.25 83.75 84.5 84.25 83.25 83 82.75 82.25 82 82.25 82.5 82.5 82 82 82 81.25 81 81 81 82 81.75 81.25 80.5 80.5 80.25 81 81 81 80 80 79.25 79.75 80.25 79.75 79 79 79 79 79 79 79 78.25 78 78 78 77 77 77 76.5 76 76 76 75.25 75 74.75 74 74 72.75 72.5 72 72 71.25 71 71 70.5 71.75 72.75 71.75 70.5 70.75 70 69 66.25 65 65 65.5 66 65.5 65.25 65 64 63 62.75 62 62 61.25 61 60.75 60 60 59.5 59 58.25 58 58 58 58 58 57.75 56 55 55 54.5 54.75 54.75 55.5 54.5 54 54.5 54.25 53.5 53 53.5 53.75 54 
NA NA NA NA NA NA NA NA NA NA NA NA NA NA NA NA NA NA NA NA NA NA NA NA NA NA NA NA NA NA NA NA NA NA NA NA NA NA NA NA NA NA NA NA NA NA NA NA NA NA NA NA NA NA NA NA NA NA 92.5 92.75 92.75 93.5 94.25 94.75 94 95 95 95 95.25 95 95 95 95 95 95 94.75 94.25 94 94 94 94 94 93.75 93 93.5 93.5 93 93 92.75 93 93 92.75 92 90.75 91 90 88.5 89 89 89.25 89 89 88.25 88.5 88 88.25 88.5 89 88.75 88 88 NA NA NA NA NA NA NA NA NA NA NA NA NA NA 87.5 88 86.75 86.25 86.75 86.25 85.5 86.25 85 84.75 85 85 84.25 85 84.5 83.75 83 83 82.5 82.25 82 82 82 81.75 81.25 81 81 81 81.5 81.5 81.25 81.5 81 80.5 81 80.75 80.25 80 80.75 80.75 80.25 79.75 79.5 80 80 79.5 79 79 79 79 78.75 78.25 78 78 78 77.25 77 77 76.75 76.25 76 75.75 75 75 75 74.75 74.25 74 73.5 72.5 72 72 71 71 71 70 70 71.25 72.25 71.75 71 70.25 69.75 67.75 66 65 65 65.25 65.5 65.25 64.75 64 63.25 62.5 62 62 61.25 61 61 60.25 60 60 59 58.5 58 57.75 57.25 57 57.25 57.25 57 56.5 55.5 55.25 54.75 54 53.75 53.75 54 53.5 53.25 53.25 53.25 53 53 53.33333 
NA NA NA NA NA NA NA NA NA NA NA NA NA NA NA NA NA NA NA NA NA NA NA NA NA NA NA NA NA NA NA NA NA NA NA NA NA NA NA NA NA NA NA NA NA NA NA NA NA NA NA NA NA NA NA NA NA NA 92.75 93.75 93.75 94.25 94.75 95 94 95 95 95 95 95 95 95 95 95 95 95 95 95 94.5 95 95 94 93.25 93 93 93 93 93 93.25 93 93 93 92.5 91.75 90.75 90 89.25 89 89 89 89 89 89 89 88.75 88.75 89 89 89 89 89 NA NA NA NA NA NA NA NA NA NA NA NA NA NA NA NA 88 87.5 87.33334 87 87 86.66666 85.5 85 85.25 86 85.25 85 85 83.75 83.25 83 82.75 82.5 82 82 82 81 81.75 81.5 81.5 81 81 81.25 81.25 81.5 81 80.25 80.25 80 80.5 80 80 80.75 79.75 79.75 80 80 79.75 79 79 79 78.75 78.5 78.25 78 78 78 77.5 77 77 76.5 76 76 76 75.5 75 74.5 74 74 73.75 73.75 74 73.25 72.25 72 71 71 70.75 70 69.5 70 71 70.75 70.75 70 69.5 67.75 66.5 65.25 65 65 65 65 64.25 64 63.5 62.75 62 61.75 61 61 60.5 60 60 59.75 59 59 58 57.5 57 57 57.25 57 56.75 56 56 55.5 55.5 55.25 54 53 53.5 53 53 53.25 53.5 53 53 53 
NA NA NA NA NA NA NA NA NA NA NA NA NA NA NA NA NA NA NA NA NA NA NA NA NA NA NA NA NA NA NA NA NA NA NA NA NA NA NA NA NA NA NA NA NA NA NA NA NA NA NA NA NA NA NA NA NA NA NA 93 93.5 94.5 95 95 94.75 95 95 95.5 96 96 96 95.75 95.5 95.25 95 95 95 95 95 95 95 94.5 94 93.5 93 93 93 93 93 93 93 93 92.25 91 90 90.5 89.75 90 89.75 89.25 89 89.25 89 89 88.5 89 88.75 89 89 89 89 89 88 NA NA NA NA NA NA NA NA NA NA NA NA NA NA NA NA NA NA NA NA 86.5 86.5 86 NA 86 85.5 84.66666 84 83.25 83 82.5 82.25 82 82 82 81 81.5 81.75 81.75 81.5 81 81 81 81 80.5 80.75 80.5 80 80 80.75 80.25 79.75 79 79 79 79 79 78.75 79 79 78.5 78 78 78 78 77.75 77 77 76.25 76 76 75.5 75.5 75 75 74 74 73.75 73 73 73 73 72.5 72 71.5 70.5 70 70 69.5 69 68.5 68.5 69.75 70.25 70 68.5 66.75 65.25 65 65 65 64 64 64 63.25 63 62.25 62 61.5 60.5 60 60 59 59 59 58.75 58 58 57 56.25 56.25 56 56 56 55.25 54.75 54.25 54.25 54.5 54 53.25 53 53 53 52.75 52.5 52.25 NA 
NA NA NA NA NA NA NA NA NA NA NA NA NA NA NA NA NA NA NA NA NA NA NA NA NA NA NA NA NA NA NA NA NA NA NA NA NA NA NA NA NA NA NA NA NA NA NA NA NA NA NA NA NA NA NA NA NA NA NA NA NA 94.33334 NA NA 95 95 95 96 NA 96 96 96 96 96 95.75 95.75 95.5 95.5 95.25 95 95 95 95 94.5 93.75 93.25 93.25 93.25 93 93 93 93 93 92 91 91.5 90 90.25 89.25 89 89.5 89 89.5 89.25 89 88.5 88.75 89 89 89 89.25 88.25 88 NA NA NA NA NA NA NA NA NA NA NA NA NA NA NA NA NA NA NA NA NA NA NA NA NA NA NA 84.5 83.25 83 83.25 83 82 82 82.25 81.75 81.25 82 82 81.75 81.25 80.75 80.25 81 80.5 81 80.5 80 80 80 79.75 79 79.25 79 79 79 79 79 79 78.75 78 78 78 78 77.5 77 76.75 76 76 76 76 75 75 75 74.25 74 73.75 73 73 72.75 72.25 72 72 72 71.75 70.75 70 70 69.5 69 68 68 67.5 68 68.5 68.25 66.75 65.75 65 65 64.25 64 63.75 63.25 63 63 62.5 62 61.75 60.5 60 60 59.75 59 58.5 58 58 58 57 56.25 56 56 56 56 55.25 54.75 54 53.25 53.25 53.5 53.75 53.75 52.75 53 52.75 52 NA NA 
NA NA NA NA NA NA NA NA NA NA NA NA NA NA NA NA NA NA NA NA NA NA NA NA NA NA NA NA NA NA NA NA NA NA NA NA NA NA NA NA NA NA NA NA NA NA NA NA NA NA NA NA NA NA NA NA NA NA NA NA NA NA NA NA NA NA NA NA NA NA 96 96 96 96 96 96 96 96 96 95.25 95.25 95 95 94.75 94.75 94 93.75 93.5 93.75 93.5 93 93 92.25 92 91.5 91.25 90.5 90.25 90.25 89 90 89.75 89 89.5 89 89 89 89.5 89.75 89.5 89.25 89 NA NA NA NA NA NA NA NA NA NA NA NA NA NA NA NA NA NA NA NA NA NA NA NA NA NA NA NA 84.25 83.5 83 83.25 83 82.5 82 82.75 82 81 81.25 81 81.25 81.75 81.75 80.5 80.25 80 80 80 80 79.75 79.5 79.25 79.5 79.25 79 79 78.25 78.25 78.25 79 78.5 78 78 78 77.25 77 76.75 76.5 76.25 76 76 75.5 75 75 74.75 74 74 73.75 73 73 72.5 72 72 71.25 71.5 71.25 71 70.75 69.75 69.25 68.75 68 68 68 66.75 66.75 66.75 66.75 66.25 65.25 64.25 64 63.5 63.5 63 63 63 62.25 62 61.25 60.5 60 60 60 59 58.25 58 58 57.25 57 56.5 56 56 56 56 55.5 54.5 54 53.5 53 53 52 52.5 52.75 52.5 NA NA NA NA 
NA NA NA NA NA NA NA NA NA NA NA NA NA NA NA NA NA NA NA NA NA NA NA NA NA NA NA NA NA NA NA NA NA NA NA NA NA NA NA NA NA NA NA NA NA NA NA NA NA NA NA NA NA NA NA NA NA NA NA NA NA NA NA NA NA NA NA NA NA NA 96.33334 96.25 96 96 96 96 96 96 96 96 96 95.75 95.25 94.75 94.5 94.5 94.25 94.25 94 94 94 93.25 92.75 92.25 91.75 91 91 90.75 90.25 89.75 89.5 90 90 90 90.25 90.25 89.75 90 90 90 90 NA NA NA NA NA NA NA NA NA NA NA NA NA NA NA NA NA NA NA NA NA NA NA NA NA NA NA NA NA 84.5 83.25 83.25 82.75 82.25 82.25 82 82.5 82 81.5 81 82 82 82 82 81.5 81 80.5 80.5 80 79.25 79.25 79 79 79 79 79 78.75 78 78 78 78 78 78 78 77.25 77 76.75 76 76 76 76 76 75 75 74.75 74.25 74 74 73.25 73 73 72 72 71.5 71 71 71 71 70.75 69.5 69 68.5 68 67.5 67.25 67.25 67 65.75 65.75 65.5 66 64.75 64 63.25 63 63 62 62 62.25 62 61.5 61 60.25 59 59.5 59.25 58.25 58 58 57 57 56 56 55.75 55.5 55.25 55 54.75 54.25 54 53 53 52.25 52 51.66667 NA NA NA NA NA 
NA NA NA NA NA NA NA NA NA NA NA NA NA NA NA NA NA NA NA NA NA NA NA NA NA NA NA NA NA NA NA NA NA NA NA NA NA NA NA NA NA NA NA NA NA NA NA NA NA NA NA NA NA NA NA NA NA NA NA NA NA NA NA NA NA NA NA NA NA NA NA 97 96.75 97 96 96.5 96 96 96 96 96 96 95.75 95.25 94.75 94 94.5 94 94 94 94 94 93 92 91.75 92 91.75 90.5 90 90 90.25 90.5 90.25 90.5 90.5 90.75 90.5 90 90 90 90 NA NA NA NA NA NA NA NA NA NA NA NA NA NA NA NA NA NA NA NA NA NA NA NA NA NA NA NA NA 84.5 84 83.25 83.75 83 82 82.25 82.75 82 81.75 81 81.25 81 81 80.75 81 81 81 81 80.25 80 80 79.5 79 79 78.5 78.25 78 78 78 78 78 78 77.75 77.25 77 77 76.25 76 76 76 76 75.5 75 75 74.25 74 74 74 73 73 72.25 72 71.75 71 71 71 71 71 70.5 69.75 69 68.25 67.25 67 67 66.75 66.25 65.5 65.25 65 64.5 64.5 64 63 63 62.75 62 62 62 62 62 61.25 60.75 59.75 59 59.5 58.5 57.75 57.25 57 56.75 56 55.75 55.5 55 55 54.75 54.25 54 53.25 53 53 52.5 52 NA NA NA NA NA NA 
NA NA NA NA NA NA NA NA NA NA NA NA NA NA NA NA NA NA NA NA NA NA NA NA NA NA NA NA NA NA NA NA NA NA NA NA NA NA NA NA NA NA NA NA NA NA NA NA NA NA NA NA NA NA NA NA NA NA NA NA NA NA NA NA NA NA NA NA NA NA NA NA 97.5 97 97 97 97 96 96 96 96 96 96 95.25 94.5 94.75 94.75 94.75 94.25 94 94 94 93.5 92.75 92.25 92 91.5 90.75 90.5 90 90.25 90 90 90 90.5 90 90 90 91 90.25 89 NA NA NA NA NA NA NA NA NA NA NA NA NA NA NA NA NA NA NA NA NA NA NA NA NA NA NA NA NA 84.5 84 84 84 84 82.75 83 82.25 81.75 81.25 81.25 81.25 81.25 81 81 81 80.5 80.25 81 81 80.5 79 79 79 78.5 78 78 78 78 77.5 77 77.5 77 77 77 77 76.25 76 76 76 76 75.75 75 75 74.75 74 74 74 73.5 73 72.75 72 71.75 71 71 71 71 71 70.25 70 70 69.5 68.5 67.25 67 66.75 66 66 65.25 65 64.5 64.25 63.25 63.5 63 63 62.75 62 61.75 61 61.25 61.5 61.25 60.25 60 59.5 58.25 58.5 58 57 56.75 57 56.25 55 55 55 54.75 53.75 53.5 53.5 53 53 52.75 52.5 52 NA NA NA NA NA NA 
NA NA NA NA NA NA NA NA NA NA NA NA NA NA NA NA NA NA NA NA NA NA NA NA NA NA NA NA NA NA NA NA NA NA NA NA NA NA NA NA NA NA NA NA NA NA NA NA NA NA NA NA NA NA NA NA NA NA NA NA NA NA NA NA NA NA NA NA NA NA NA NA NA NA 97 97.5 97.25 97 96.75 96.75 96 96 96 96 95.25 95 95 94.5 94 94 93.75 93.5 93.25 93.5 93 92.75 92 91.5 91 90.75 91.25 91.25 91.25 90.75 90.75 91.5 90.75 90.75 90.75 90 NA NA NA NA NA NA NA NA NA NA NA NA NA NA NA NA NA NA NA NA NA NA NA NA NA NA NA NA NA NA NA 84.25 84 NA NA 83.75 83 82 82 81 81 81.25 81.25 81.25 81.5 81 81 80.5 80.75 81 80.5 80.5 79.75 79 78.75 78 78 78 78 77.5 77 77 77 77 77 76.5 76 76 76 76 75.5 75 75 74.75 74 74 74 73.75 73 73 72.5 72 71.5 71 71 70.5 70.75 70.25 69.5 69 69 69 68 67.25 66.75 66.75 65.75 65 65 64.75 63.75 63 63.5 62.75 62.75 62.5 62.25 62 61.75 61 61 61.25 61.75 61 60 60 58.5 57.5 58 57 56.5 56.75 56 55.25 54.5 54 53.75 53.25 52.5 52 52.25 52 52 NA NA NA NA NA NA NA NA 
NA NA NA NA NA NA NA NA NA NA NA NA NA NA NA NA NA NA NA NA NA NA NA NA NA NA NA NA NA NA NA NA NA NA NA NA NA NA NA NA NA NA NA NA NA NA NA NA NA NA NA NA NA NA NA NA NA NA NA NA NA NA NA NA NA NA NA NA NA NA NA NA NA NA 98 98 98 97.5 96.75 96.25 96.5 96.75 96 95.75 95.75 95 95 95 94 94 94 93.75 93.25 93.75 93.75 92.75 91.5 91 92 91.5 91 91.5 90.75 91 91 91 NA NA NA NA NA NA NA NA NA NA NA NA NA NA NA NA NA NA NA NA NA NA NA NA NA NA NA NA NA NA NA NA NA NA NA NA NA NA NA 83 83.25 83 82 81.25 81 81 81 81 81 81 80.75 81 81 81 81 81 80 79 78 78 78 78 78 78 77 77 77 77 76.5 76 76 76 76 76 75 75 74.75 74.25 74 74 73.25 73 73 72.75 72 72 71.5 71 70.75 70.25 70 69.75 69 69 68.75 68 67.5 67.5 66.5 66.75 66 65 64.5 64 64 64 64 63 63.25 62.25 62 61.75 62 61 61 61.25 61.25 60.5 60 59.75 59 57.25 56.5 56.5 56.25 56.75 56.25 55 55 54.25 53.5 53.25 53.25 52.25 51.75 51.5 NA NA NA NA NA NA NA NA NA 
NA NA NA NA NA NA NA NA NA NA NA NA NA NA NA NA NA NA NA NA NA NA NA NA NA NA NA NA NA NA NA NA NA NA NA NA NA NA NA NA NA NA NA NA NA NA NA NA NA NA NA NA NA NA NA NA NA NA NA NA NA NA NA NA NA NA NA NA NA NA NA NA NA NA NA NA 98.33334 98 96.75 97 96 96 95.75 95.25 95.5 95.25 95 95 95 94.25 94 94 94 94 94 94 92.5 91 91.75 91 91 90.75 91 91 91 NA NA NA NA NA NA NA NA NA NA NA NA NA NA NA NA NA NA NA NA NA NA NA NA NA NA NA NA NA NA NA NA NA NA NA NA NA NA NA NA 83.5 83 82.25 81.5 81.25 81 81 80.5 80.5 80.25 81 81 81.25 81.25 80 79.5 79.5 79.75 79 78 78 78 78 77.75 77.25 77 77 77 77 76.25 76 76 76 76 75.25 75 75 74.25 74 74 73.25 73 73 72.5 72 72 72 71 71 70 70 70 69.5 69 69 68.25 68 67 66.75 66 65.75 65.25 65 65.25 65 64 64 64 63.75 63.75 62.75 62 61.5 61 61 60.75 60 60.75 60.5 59 59.25 59.75 58.25 56.75 56.25 56.5 56 56.25 55.75 55 55 54.25 53 53 NA NA NA NA NA NA NA NA NA NA NA NA 
NA NA NA NA NA NA NA NA NA NA NA NA NA NA NA NA NA NA NA NA NA NA NA NA NA NA NA NA NA NA NA NA NA NA NA NA NA NA NA NA NA NA NA NA NA NA NA NA NA NA NA NA NA NA NA NA NA NA NA NA NA NA NA NA NA NA NA NA NA NA NA NA NA NA NA NA NA NA 98 NA NA NA 96.25 95.75 95.5 95.5 95 95 95 95 94.75 94 94 94 94.25 94.25 92.25 91 91 91 91.5 91.33334 NA 90.5 NA NA NA NA NA NA NA NA NA NA NA NA NA NA NA NA NA NA NA NA NA NA NA NA NA NA NA NA NA NA NA NA NA NA NA NA NA NA NA NA NA 83 83 82.5 82 82 81.25 81 81.25 80.25 80.75 80.75 81 80.75 81 80.5 79.25 79 79 79 78.5 78 78 77.75 77.25 77 77 77 77 76.5 76 76 76 76 75.25 75 75 75 74 74 73.5 73 73 72.5 72 72 71.5 71.25 71 70.75 70 70 70 69 68.75 68 67.75 67 67 66.5 66 66 65.5 64.5 64.25 64 64 64 63.75 63.25 63 63 62.5 61.75 61.25 60.5 60 60 59.75 60.25 59.75 58.75 58.5 57.75 56.75 56.25 56 55.75 56 56 56 55.25 54.5 53.5 NA NA NA NA NA NA NA NA NA NA NA NA NA 
NA NA NA NA NA NA NA NA NA NA NA NA NA NA NA NA NA NA NA NA NA NA NA NA NA NA NA NA NA NA NA NA NA NA NA NA NA NA NA NA NA NA NA NA NA NA NA NA NA NA NA NA NA NA NA NA NA NA NA NA NA NA NA NA NA NA NA NA NA NA NA NA NA NA NA NA NA NA NA NA NA NA NA NA 96.66666 96 95.75 95 95 95 95 94.5 94 94.25 94 94 92 93 92.5 91.5 91.75 NA NA NA NA NA NA NA NA NA NA NA NA NA NA NA NA NA NA NA NA NA NA NA NA NA NA NA NA NA NA NA NA NA NA NA NA NA NA NA NA NA NA NA NA 83 83 82.5 82 82 82 81.5 81.75 80.75 80.5 81 81 80.75 80.25 80 79.25 79 79 78.25 78.75 78 78 77.5 77 77 77 77 77 76.25 76 76 75.75 75 75 75 75 74.25 74 73.75 73 73 73 72 72 71.75 71 71 71 70 70 69.25 69.25 69 68.75 68.25 68 68 67.25 67 66.5 66 65.25 65 64.25 63.75 64 64 63 63 62.5 62.75 63 63 61.75 60.5 61 60.25 60 59.75 59.5 59.5 58.25 56.75 57.25 57.75 56 55.5 55.5 56 55.5 54.75 54 53.5 NA NA NA NA NA NA NA NA NA NA NA NA NA 
NA NA NA NA NA NA NA NA NA NA NA NA NA NA NA NA NA NA NA NA NA NA NA NA NA NA NA NA NA NA NA NA NA NA NA NA NA NA NA NA NA NA NA NA NA NA NA NA NA NA NA NA NA NA NA NA NA NA NA NA NA NA NA NA NA NA NA NA NA NA NA NA NA NA NA NA NA NA NA NA NA NA NA NA NA NA NA 96 95.5 95 95 95 94 94.5 94 93.75 92.5 93.5 94 93.25 93 NA NA NA NA NA NA NA NA NA NA NA NA NA NA NA NA NA NA NA NA NA NA NA NA NA NA NA NA NA NA NA NA NA NA NA NA NA NA NA NA NA NA NA NA NA 83 82.5 82 82 82 82 81.75 81.25 80.25 80.75 80.25 80 80.25 79.75 79 78.75 78.75 78.5 78.25 78 77.25 77.25 77 77 77 77 76.5 76 76 76 75 75 75 74.75 74.25 74 74 73.5 73 73 72.25 72 72 71.5 71 70.75 70.25 70 70 69.25 69 69 68.5 68.5 68 68 67.25 66.75 67 66 66 65.25 64.25 63.25 63.75 63.5 63 62 62.25 62 62 62 62.25 61.5 61.25 60.75 60.25 59.25 59 58.75 58.5 57.5 56.25 56.25 56.75 55.75 55.75 56 55.25 54.5 54 53 NA NA NA NA NA NA NA NA NA NA NA NA NA 
NA NA NA NA NA NA NA NA NA NA NA NA NA NA NA NA NA NA NA NA NA NA NA NA NA NA NA NA NA NA NA NA NA NA NA NA NA NA NA NA NA NA NA NA NA NA NA NA NA NA NA NA NA NA NA NA NA NA NA NA NA NA NA NA NA NA NA NA NA NA NA NA NA NA NA NA NA NA NA NA NA NA NA NA NA NA NA NA NA 96 95 94.5 94.25 94.75 94.5 94.75 93.25 93.5 93.5 93.5 94 NA NA NA NA NA NA NA NA NA NA NA NA NA NA NA NA NA NA NA NA NA NA NA NA NA NA NA NA NA NA NA NA NA NA NA NA NA NA NA NA NA NA NA NA NA NA 82.25 82 82 82 82 81.75 81 80 80 80 80 80 78.75 78.5 78.25 78 78 77.5 77.5 77.25 77 77 76.5 76.5 77 76.75 76 76 75 75.5 75 75 74.5 74 74 73.75 73.5 73 72.75 72 72 71.75 71.5 71 70.75 70.25 70 69.75 69 69 69 68.25 68 67.25 67.5 67 67.75 67.5 67 67 66.25 65 64.5 63 63.5 63.5 62.5 62.5 61.25 61 61 61.25 61.25 61.75 61.25 60.25 59.75 59.5 59 58.25 58 57.25 55.5 56 56.25 56 56 55 54.25 54 NA NA NA NA NA NA NA NA NA NA NA NA NA NA 
NA NA NA NA NA NA NA NA NA NA NA NA NA NA NA NA NA NA NA NA NA NA NA NA NA NA NA NA NA NA NA NA NA NA NA NA NA NA NA NA NA NA NA NA NA NA NA NA NA NA NA NA NA NA NA NA NA NA NA NA NA NA NA NA NA NA NA NA NA NA NA NA NA NA NA NA NA NA NA NA NA NA NA NA NA NA NA NA NA NA NA NA 94.5 95 95 95 94 94.25 94.75 94.5 94.25 95 NA NA NA NA NA NA NA NA NA NA NA NA NA NA NA NA NA NA NA NA NA NA NA NA NA NA NA NA NA NA NA NA NA NA NA NA NA NA NA NA NA NA NA NA NA NA 83 NA 82 82 81.25 80.25 80 80 79.25 79.75 79.25 79 78.25 78.25 78 77.25 77 77 77 76.5 76 75.75 75.25 76.25 76 76 76 75.5 75 75 75 75 74 74 73.75 73 73 73 72 72 72 71.25 71 71 70 69.5 69 69 68.75 68.75 68 68.5 67.5 67 67 67.25 67.5 67 67.5 66.75 66.25 64.75 63.75 63 62.5 62.5 63.25 62.75 62 61.75 60.5 60.25 60.75 61 60.5 60 59.5 59.25 58.5 58 57.75 56.75 55.5 56.25 56 55.75 55 54.5 NA NA NA NA NA NA NA NA NA NA NA NA NA NA NA 
NA NA NA NA NA NA NA NA NA NA NA NA NA NA NA NA NA NA NA NA NA NA NA NA NA NA NA NA NA NA NA NA NA NA NA NA NA NA NA NA NA NA NA NA NA NA NA NA NA NA NA NA NA NA NA NA NA NA NA NA NA NA NA NA NA NA NA NA NA NA NA NA NA NA NA NA NA NA NA NA NA NA NA NA NA NA NA NA NA NA NA NA 95 95.25 95.25 95 95.5 95.25 95 95 95 95.25 95 NA NA NA NA NA NA NA NA NA NA NA NA NA NA NA NA NA NA NA NA NA NA NA NA NA NA NA NA NA NA NA NA NA NA NA NA NA NA NA NA NA NA NA NA NA NA NA NA NA 81 80.75 80.5 80 80 79.5 79 78 78.25 78 77.75 77.5 77 76.25 76.25 76 75.75 75.25 75 76.75 76 76.25 76 75.25 75 75 75 74.25 74 73.75 73 73 73 72.25 72 71.5 71.25 71 70.5 70 70 69.75 68.75 68 68.25 68.25 68 67.5 68 67 66.5 67 67.5 68 67.25 65.5 64.5 63.75 64 63.5 63.25 63 62 62.75 62.75 62 62 61 60.5 61 61 60.33333 60 60 NA NA NA 56.5 56 55.5 56 56 NA 55 NA NA NA NA NA NA NA NA NA NA NA NA NA NA NA 
NA NA NA NA NA NA NA NA NA NA NA NA NA NA NA NA NA NA NA NA NA NA NA NA NA NA NA NA NA NA NA NA NA NA NA NA NA NA NA NA NA NA NA NA NA NA NA NA NA NA NA NA NA NA NA NA NA NA NA NA NA NA NA NA NA NA NA NA NA NA NA NA NA NA NA NA NA NA NA NA NA NA NA NA NA NA NA NA NA NA NA 95.5 96 96.25 96 95.75 96 96 95.75 95.5 95 NA NA NA NA NA NA NA NA NA NA NA NA NA NA NA NA NA NA NA NA NA NA NA NA NA NA NA NA NA NA NA NA NA NA NA NA NA NA NA NA NA NA NA NA NA NA NA NA NA NA NA NA NA NA NA NA 79.75 78.75 78 78.25 77.5 77.25 77 77 76.5 76 76 76 75.75 75 77 76.25 76 76 75 74 75 74.5 74 73.75 73 73 72.75 72 71.5 71 71 70.75 71 70.25 70 69.5 69.75 68.75 68 68 67.25 66.75 66.5 66.5 67 66.75 67.25 66.75 66.75 67 65.5 64.25 65.25 64.5 63.25 64.25 63.75 62.25 62 62 61.25 61 60.75 60.5 60.75 NA NA NA NA NA NA NA NA NA NA NA NA NA NA NA NA NA NA NA NA NA NA NA NA NA NA NA NA NA 
NA NA NA NA NA NA NA NA NA NA NA NA NA NA NA NA NA NA NA NA NA NA NA NA NA NA NA NA NA NA NA NA NA NA NA NA NA NA NA NA NA NA NA NA NA NA NA NA NA NA NA NA NA NA NA NA NA NA NA NA NA NA NA NA NA NA NA NA NA NA NA NA NA NA NA NA NA NA NA NA NA NA NA NA NA NA NA NA NA NA NA NA 97.25 97.5 97.5 97 97 96.25 97 NA NA NA NA NA NA NA NA NA NA NA NA NA NA NA NA NA NA NA NA NA NA NA NA NA NA NA NA NA NA NA NA NA NA NA NA NA NA NA NA NA NA NA NA NA NA NA NA NA NA NA NA NA NA NA NA NA NA 79.75 79 78.5 78.5 78 77.25 77 76 76.25 76 76 75.5 75.75 75 76.75 76 76 75.5 74.5 74 74.5 74.25 73.75 73.25 73 72.25 72 72 71.5 71.5 71.75 70.5 70.75 70.75 70.25 69.25 69.75 69 68.25 67.75 67.5 66.25 66 66.25 66.75 67 66.75 66 66 66.75 65.5 64.75 65 65.25 64.75 64 63.25 62.75 62.5 62.75 61.75 61 61 61 NA NA NA NA NA NA NA NA NA NA NA NA NA NA NA NA NA NA NA NA NA NA NA NA NA NA NA NA NA NA 
NA NA NA NA NA NA NA NA NA NA NA NA NA NA NA NA NA NA NA NA NA NA NA NA NA NA NA NA NA NA NA NA NA NA NA NA NA NA NA NA NA NA NA NA NA NA NA NA NA NA NA NA NA NA NA NA NA NA NA NA NA NA NA NA NA NA NA NA NA NA NA NA NA NA NA NA NA NA NA NA NA NA NA NA NA NA NA NA NA NA NA NA NA NA NA NA NA NA NA NA NA NA NA NA NA NA NA NA NA NA NA NA NA NA NA NA NA NA NA NA NA NA NA NA NA NA NA NA NA NA NA NA NA NA NA NA NA NA NA NA NA NA NA NA NA NA NA NA NA NA NA NA NA NA NA NA 79.66666 79.5 79 78 78.25 78 77.75 77 76.75 76 75.25 75.5 75.25 75.25 76 76.5 76 75.75 75.25 74.75 74 74.25 74 73.5 73 72.75 72.25 72 72 72.25 71 72 70.5 71 70.5 69.25 69.5 69.75 69 67.75 68 67 66 65.25 65.5 66 66.25 66.5 66.25 66 66.5 65.75 65 65.5 65.75 66 65 63.75 63.5 62.75 62.5 62.25 62 61.5 NA NA NA NA NA NA NA NA NA NA NA NA NA NA NA NA NA NA NA NA NA NA NA NA NA NA NA NA NA NA NA 
NA NA NA NA NA NA NA NA NA NA NA NA NA NA NA NA NA NA NA NA NA NA NA NA NA NA NA NA NA NA NA NA NA NA NA NA NA NA NA NA NA NA NA NA NA NA NA NA NA NA NA NA NA NA NA NA NA NA NA NA NA NA NA NA NA NA NA NA NA NA NA NA NA NA NA NA NA NA NA NA NA NA NA NA NA NA NA NA NA NA NA NA NA NA NA NA NA NA NA NA NA NA NA NA NA NA NA NA NA NA NA NA NA NA NA NA NA NA NA NA NA NA NA NA NA NA NA NA NA NA NA NA NA NA NA NA NA NA NA NA NA NA NA NA NA NA NA NA NA NA NA NA NA NA NA NA 79.33334 78.5 78.5 78.25 78 77.25 77.25 77 76.75 75.75 75.25 75.75 75.5 75.25 75 76 76 75.5 75 75 74 73.75 74 73.25 73 72.75 72.25 72 72.25 72 71.5 71.75 71 71 70.25 69.5 69.25 69.5 68.5 67.5 67.5 66.25 65.25 66 66.5 65.75 65.75 66.75 66.75 66 66.5 66.5 65 65.5 65.5 65.25 65.25 64.75 63.25 62 62.5 62.5 NA NA NA NA NA NA NA NA NA NA NA NA NA NA NA NA NA NA NA NA NA NA NA NA NA NA NA NA NA NA NA NA NA 
NA NA NA NA NA NA NA NA NA NA NA NA NA NA NA NA NA NA NA NA NA NA NA NA NA NA NA NA NA NA NA NA NA NA NA NA NA NA NA NA NA NA NA NA NA NA NA NA NA NA NA NA NA NA NA NA NA NA NA NA NA NA NA NA NA NA NA NA NA NA NA NA NA NA NA NA NA NA NA NA NA NA NA NA NA NA NA NA NA NA NA NA NA NA NA NA NA NA NA NA NA NA NA NA NA NA NA NA NA NA NA NA NA NA NA NA NA NA NA NA NA NA NA NA NA NA NA NA NA NA NA NA NA NA NA NA NA NA NA NA NA NA NA NA NA NA NA NA NA NA NA NA NA NA NA 80 79 78 77.75 77.5 77.5 77.5 77.25 77 76.25 75.75 76 75.75 76 75.5 75.5 76 75.5 75.25 74.75 75 73.75 74 73.25 72.5 72.25 72.75 72.75 73 72.75 72.25 72 72.75 71.25 71 70.5 69.75 69.25 69.5 68.5 66.5 65.5 65.5 66.25 66.5 66.75 66.5 66.5 66.5 67 66.5 66.5 66.5 65.25 65.5 65.25 65 64.75 64.5 63 62 61.5 61 NA NA NA NA NA NA NA NA NA NA NA NA NA NA NA NA NA NA NA NA NA NA NA NA NA NA NA NA NA NA NA NA NA 
NA NA NA NA NA NA NA NA NA NA NA NA NA NA NA NA NA NA NA NA NA NA NA NA NA NA NA NA NA NA NA NA NA NA NA NA NA NA NA NA NA NA NA NA NA NA NA NA NA NA NA NA NA NA NA NA NA NA NA NA NA NA NA NA NA NA NA NA NA NA NA NA NA NA NA NA NA NA NA NA NA NA NA NA NA NA NA NA NA NA NA NA NA NA NA NA NA NA NA NA NA NA NA NA NA NA NA NA NA NA NA NA NA NA NA NA NA NA NA NA NA NA NA NA NA NA NA NA NA NA NA NA NA NA NA NA NA NA NA NA NA NA NA NA NA NA NA NA NA NA NA NA NA NA NA 80 79 78 77.75 78 77.75 77.5 76.5 76.25 76.25 75.75 75.25 75.25 75 75 75 76 75.75 75 74.5 74 73.25 74 73.75 72.5 72 72.5 72.75 73 73 72.5 72 72.25 72 70.75 69.75 68.75 68.75 68.5 67.25 66.5 65.75 67 66.75 66.25 66.75 66.5 66.5 66.5 66.25 66.25 66.5 66.5 65.5 66 65 65 64.75 64 62.75 62 61.5 61 61 NA NA NA NA NA NA NA NA NA NA NA NA NA NA NA NA NA NA NA NA NA NA NA NA NA NA NA NA NA NA NA NA 
NA NA NA NA NA NA NA NA NA NA NA NA NA NA NA NA NA NA NA NA NA NA NA NA NA NA NA NA NA NA NA NA NA NA NA NA NA NA NA NA NA NA NA NA NA NA NA NA NA NA NA NA NA NA NA NA NA NA NA NA NA NA NA NA NA NA NA NA NA NA NA NA NA NA NA NA NA NA NA NA NA NA NA NA NA NA NA NA NA NA NA NA NA NA NA NA NA NA NA NA NA NA NA NA NA NA NA NA NA NA NA NA NA NA NA NA NA NA NA NA NA NA NA NA NA NA NA NA NA NA NA NA NA NA NA NA NA NA NA NA NA NA NA NA NA NA NA NA NA NA NA NA NA NA NA 79.33334 78.75 78 78 77.5 77 76.75 76.5 76.5 76.75 75.75 75.5 74.75 74.25 75 74.5 76 75.5 74.75 75 74.5 73.5 74 73.5 72.75 72 72.5 73 72.5 72.5 72.5 72.25 72 72 70.5 69.25 69 67.75 68 67.25 67.25 66 66.25 66 66.5 66.75 66.75 66.5 66 66.25 66 66.5 66.5 66 65.5 65 64.75 64 63.5 62.25 62 61.5 61 61 NA NA NA NA NA NA NA NA NA NA NA NA NA NA NA NA NA NA NA NA NA NA NA NA NA NA NA NA NA NA NA NA 
NA NA NA NA NA NA NA NA NA NA NA NA NA NA NA NA NA NA NA NA NA NA NA NA NA NA NA NA NA NA NA NA NA NA NA NA NA NA NA NA NA NA NA NA NA NA NA NA NA NA NA NA NA NA NA NA NA NA NA NA NA NA NA NA NA NA NA NA NA NA NA NA NA NA NA NA NA NA NA NA NA NA NA NA NA NA NA NA NA NA NA NA NA NA NA NA NA NA NA NA NA NA NA NA NA NA NA NA NA NA NA NA NA NA NA NA NA NA NA NA NA NA NA NA NA NA NA NA NA NA NA NA NA NA NA NA NA NA NA NA NA NA NA NA NA NA NA NA NA NA NA NA NA NA NA 79.75 78.5 78.5 78 77.66666 77.25 76.5 76.25 76 76 76 75.25 75 74.75 74 74 75.25 75.75 75.5 75 74.25 74 74 73.25 72.5 72 72.5 72 72 72 72 72 71.75 71 70.75 69.75 69 68 67 67 66.75 66.75 67 67 66.5 66.5 66.25 66 66 65.75 65.75 66.5 66.5 66 65 64.75 64 64 63.25 62 62 62 61 61 61 61 NA NA NA NA NA NA NA NA NA NA NA NA NA NA NA NA NA NA NA NA NA NA NA NA NA NA NA NA NA NA 
NA NA NA NA NA NA NA NA NA NA NA NA NA NA NA NA NA NA NA NA NA NA NA NA NA NA NA NA NA NA NA NA NA NA NA NA NA NA NA NA NA NA NA NA NA NA NA NA NA NA NA NA NA NA NA NA NA NA NA NA NA NA NA NA NA NA NA NA NA NA NA NA NA NA NA NA NA NA NA NA NA NA NA NA NA NA NA NA NA NA NA NA NA NA NA NA NA NA NA NA NA NA NA NA NA NA NA NA NA NA NA NA NA NA NA NA NA NA NA NA NA NA NA NA NA NA NA NA NA NA NA NA NA NA NA NA NA NA NA NA NA NA NA NA NA NA NA NA NA NA NA NA NA NA NA NA NA NA NA NA NA 77 76.75 76.66666 77 76.5 75.75 75 75 74.25 74 75 75.5 75 74.75 74.75 74.5 73.75 73.25 72.75 72.25 72 72 72 71.5 71.5 71.5 71 70.25 70.25 69.75 69 68.5 67.5 66.75 67 67 66 66 66 65.75 66 66 65.5 65.25 65 65.25 66 66 65.25 64.5 64 64 63.75 62.75 61.75 62 61 60.5 60.5 60.75 NA NA NA NA NA NA NA NA NA NA NA NA NA NA NA NA NA NA NA NA NA NA NA NA NA NA NA NA NA NA 
NA NA NA NA NA NA NA NA NA NA NA NA NA NA NA NA NA NA NA NA NA NA NA NA NA NA NA NA NA NA NA NA NA NA NA NA NA NA NA NA NA NA NA NA NA NA NA NA NA NA NA NA NA NA NA NA NA NA NA NA NA NA NA NA NA NA NA NA NA NA NA NA NA NA NA NA NA NA NA NA NA NA NA NA NA NA NA NA NA NA NA NA NA NA NA NA NA NA NA NA NA NA NA NA NA NA NA NA NA NA NA NA NA NA NA NA NA NA NA NA NA NA NA NA NA NA NA NA NA NA NA NA NA NA NA NA NA NA NA NA NA NA NA NA NA NA NA NA NA NA NA NA NA NA NA NA NA NA NA NA NA NA NA NA NA NA 76 75.5 75 74.75 74 75 75 75 74.5 74.5 74.25 74 73 73 72 72 71.5 71.5 71.5 71 71 70.5 70 69.5 69.25 68.5 68 67.5 67 67 66.75 66 66 65.5 65.25 65 65 65.5 65.5 65.5 65.25 65.75 65.5 65.25 64.5 64 64 64 63 62 61.25 61.5 60.5 60.33333 NA NA NA NA NA NA NA NA NA NA NA NA NA NA NA NA NA NA NA NA NA NA NA NA NA NA NA NA NA NA NA 
NA NA NA NA NA NA NA NA NA NA NA NA NA NA NA NA NA NA NA NA NA NA NA NA NA NA NA NA NA NA NA NA NA NA NA NA NA NA NA NA NA NA NA NA NA NA NA NA NA NA NA NA NA NA NA NA NA NA NA NA NA NA NA NA NA NA NA NA NA NA NA NA NA NA NA NA NA NA NA NA NA NA NA NA NA NA NA NA NA NA NA NA NA NA NA NA NA NA NA NA NA NA NA NA NA NA NA NA NA NA NA NA NA NA NA NA NA NA NA NA NA NA NA NA NA NA NA NA NA NA NA NA NA NA NA NA NA NA NA NA NA NA NA NA NA NA NA NA NA NA NA NA NA NA NA NA NA NA NA NA NA NA NA NA NA NA 76.5 75.5 75 75 74 75 75.25 74.75 74.75 74.66666 74.5 74 73.75 73.25 72 72 71.5 71 71 71 71 71 69.5 69 69 68.25 68 67.5 67 67 66.25 66 66 65 65 65 64.75 64.5 64.25 64.25 64.25 65 64 64.75 64 64 64 63.5 63 63 62.5 62 62 61.5 NA NA NA NA NA NA NA NA NA NA NA NA NA NA NA NA NA NA NA NA NA NA NA NA NA NA NA NA NA NA NA 
NA NA NA NA NA NA NA NA NA NA NA NA NA NA NA NA NA NA NA NA NA NA NA NA NA NA NA NA NA NA NA NA NA NA NA NA NA NA NA NA NA NA NA NA NA NA NA NA NA NA NA NA NA NA NA NA NA NA NA NA NA NA NA NA NA NA NA NA NA NA NA NA NA NA NA NA NA NA NA NA NA NA NA NA NA NA NA NA NA NA NA NA NA NA NA NA NA NA NA NA NA NA NA NA NA NA NA NA NA NA NA NA NA NA NA NA NA NA NA NA NA NA NA NA NA NA NA NA NA NA NA NA NA NA NA NA NA NA NA NA NA NA NA NA NA NA NA NA NA NA NA NA NA NA NA NA NA NA NA NA NA NA NA NA NA NA NA NA NA 74.5 74 76 NA NA NA NA NA 73 72.75 72.25 72 71.5 71 71 71 70.75 70.5 70 70 69 68 68 68 67.5 67 67 66.75 66 66 65 65 64 64 64 64 63.75 63.5 63.75 64 64.75 64 64 64 64 64 63.5 63 62.75 63 NA NA NA NA NA NA NA NA NA NA NA NA NA NA NA NA NA NA NA NA NA NA NA NA NA NA NA NA NA NA NA NA 
NA NA NA NA NA NA NA NA NA NA NA NA NA NA NA NA NA NA NA NA NA NA NA NA NA NA NA NA NA NA NA NA NA NA NA NA NA NA NA NA NA NA NA NA NA NA NA NA NA NA NA NA NA NA NA NA NA NA NA NA NA NA NA NA NA NA NA NA NA NA NA NA NA NA NA NA NA NA NA NA NA NA NA NA NA NA NA NA NA NA NA NA NA NA NA NA NA NA NA NA NA NA NA NA NA NA NA NA NA NA NA NA NA NA NA NA NA NA NA NA NA NA NA NA NA NA NA NA NA NA NA NA NA NA NA NA NA NA NA NA NA NA NA NA NA NA NA NA NA NA NA NA NA NA NA NA NA NA NA NA NA NA NA NA NA NA NA NA NA NA 75 NA NA NA NA NA NA NA 73 72.5 71.75 71.5 71 71 71 70 70 69.5 69 69 68.75 68 67.25 67 67 66.75 66.25 66 65.75 65 64.25 64.25 64.5 64.75 64.75 65 64.5 64.5 63.5 64 64 64 63.75 63.75 63.75 63 63 62.75 62 NA NA NA NA NA NA NA NA NA NA NA NA NA NA NA NA NA NA NA NA NA NA NA NA NA NA NA NA NA NA NA NA 
NA NA NA NA NA NA NA NA NA NA NA NA NA NA NA NA NA NA NA NA NA NA NA NA NA NA NA NA NA NA NA NA NA NA NA NA NA NA NA NA NA NA NA NA NA NA NA NA NA NA NA NA NA NA NA NA NA NA NA NA NA NA NA NA NA NA NA NA NA NA NA NA NA NA NA NA NA NA NA NA NA NA NA NA NA NA NA NA NA NA NA NA NA NA NA NA NA NA NA NA NA NA NA NA NA NA NA NA NA NA NA NA NA NA NA NA NA NA NA NA NA NA NA NA NA NA NA NA NA NA NA NA NA NA NA NA NA NA NA NA NA NA NA NA NA NA NA NA NA NA NA NA NA NA NA NA NA NA NA NA NA NA NA NA NA NA NA NA NA NA NA NA NA NA NA NA NA NA 74 73.5 72.5 72 71.5 70.5 70.75 70.75 70.25 69 68.5 68 68 67.75 67.5 67 67 66.25 66 66 65.5 65.5 65.25 64.75 65 65.75 65.25 65 65.5 65 63.5 64 64.25 64 63.75 63.25 63 62.5 62.75 62 62.5 NA NA NA NA NA NA NA NA NA NA NA NA NA NA NA NA NA NA NA NA NA NA NA NA NA NA NA NA NA NA NA NA 
NA NA NA NA NA NA NA NA NA NA NA NA NA NA NA NA NA NA NA NA NA NA NA NA NA NA NA NA NA NA NA NA NA NA NA NA NA NA NA NA NA NA NA NA NA NA NA NA NA NA NA NA NA NA NA NA NA NA NA NA NA NA NA NA NA NA NA NA NA NA NA NA NA NA NA NA NA NA NA NA NA NA NA NA NA NA NA NA NA NA NA NA NA NA NA NA NA NA NA NA NA NA NA NA NA NA NA NA NA NA NA NA NA NA NA NA NA NA NA NA NA NA NA NA NA NA NA NA NA NA NA NA NA NA NA NA NA NA NA NA NA NA NA NA NA NA NA NA NA NA NA NA NA NA NA NA NA NA NA NA NA NA NA NA NA NA NA NA NA NA NA NA NA NA NA NA 73 74 73.5 73 73 72.5 71.25 70.25 70.5 71 70.5 69.75 69 68.25 68 67.5 66.75 66 66.25 66 66 65.25 65.25 66 66.5 66.25 64.5 65.5 66 65.75 66 65.5 63.5 63.25 64.25 64.5 63.75 63 62.5 62.25 62 62 62 NA NA NA NA NA NA NA NA NA NA NA NA NA NA NA NA NA NA NA NA NA NA NA NA NA NA NA NA NA NA NA NA 
NA NA NA NA NA NA NA NA NA NA NA NA NA NA NA NA NA NA NA NA NA NA NA NA NA NA NA NA NA NA NA NA NA NA NA NA NA NA NA NA NA NA NA NA NA NA NA NA NA NA NA NA NA NA NA NA NA NA NA NA NA NA NA NA NA NA NA NA NA NA NA NA NA NA NA NA NA NA NA NA NA NA NA NA NA NA NA NA NA NA NA NA NA NA NA NA NA NA NA NA NA NA NA NA NA NA NA NA NA NA NA NA NA NA NA NA NA NA NA NA NA NA NA NA NA NA NA NA NA NA NA NA NA NA NA NA NA NA NA NA NA NA NA NA NA NA NA NA NA NA NA NA NA NA NA NA NA NA NA NA NA NA NA NA NA NA NA NA NA NA NA NA NA NA NA NA 74 73 73 72.5 72.5 72.25 71.5 70.25 70.5 70.75 69.25 68.5 68.25 68.25 67.5 66.75 66 66 66 66 65.75 66 66.5 65.25 65.5 66 66 65 65 65 65.25 65.75 64.5 64.5 64.25 64 63.5 63.25 62.5 62 62 62 NA NA NA NA NA NA NA NA NA NA NA NA NA NA NA NA NA NA NA NA NA NA NA NA NA NA NA NA NA NA NA NA NA 
NA NA NA NA NA NA NA NA NA NA NA NA NA NA NA NA NA NA NA NA NA NA NA NA NA NA NA NA NA NA NA NA NA NA NA NA NA NA NA NA NA NA NA NA NA NA NA NA NA NA NA NA NA NA NA NA NA NA NA NA NA NA NA NA NA NA NA NA NA NA NA NA NA NA NA NA NA NA NA NA NA NA NA NA NA NA NA NA NA NA NA NA NA NA NA NA NA NA NA NA NA NA NA NA NA NA NA NA NA NA NA NA NA NA NA NA NA NA NA NA NA NA NA NA NA NA NA NA NA NA NA NA NA NA NA NA NA NA NA NA NA NA NA NA NA NA NA NA NA NA NA NA NA NA NA NA NA NA NA NA NA NA NA NA NA NA NA NA NA NA NA NA NA NA NA 73.75 73.25 72.5 72 72.25 72.25 72 71.5 70.75 71 70.5 68.5 68 67.25 67.5 67.25 66.25 66 66 66 66 66 66.25 66.75 66.75 65.25 65.75 66 66 65.5 65 65 65.5 65.25 65.25 64.75 64 63.25 63.25 62.75 62.25 62 62 NA NA NA NA NA NA NA NA NA NA NA NA NA NA NA NA NA NA NA NA NA NA NA NA NA NA NA NA NA NA NA NA NA 
NA NA NA NA NA NA NA NA NA NA NA NA NA NA NA NA NA NA NA NA NA NA NA NA NA NA NA NA NA NA NA NA NA NA NA NA NA NA NA NA NA NA NA NA NA NA NA NA NA NA NA NA NA NA NA NA NA NA NA NA NA NA NA NA NA NA NA NA NA NA NA NA NA NA NA NA NA NA NA NA NA NA NA NA NA NA NA NA NA NA NA NA NA NA NA NA NA NA NA NA NA NA NA NA NA NA NA NA NA NA NA NA NA NA NA NA NA NA NA NA NA NA NA NA NA NA NA NA NA NA NA NA NA NA NA NA NA NA NA NA NA NA NA NA NA NA NA NA NA NA NA NA NA NA NA NA NA NA NA NA NA NA NA NA NA NA NA NA NA NA NA NA NA NA NA NA 72.25 72 72.5 72.75 72 71.5 71 70.25 70 69.75 68.5 67.75 67 67 66.75 66 66 66 65.75 65.5 66 66.25 67 67 66.25 65.75 65.25 65 65.5 65.25 66 65 64.5 64 63 62.5 62.5 63 62.5 61.25 61.25 62 NA NA NA NA NA NA NA NA NA NA NA NA NA NA NA NA NA NA NA NA NA NA NA NA NA NA NA NA NA NA NA NA NA 
NA NA NA NA NA NA NA NA NA NA NA NA NA NA NA NA NA NA NA NA NA NA NA NA NA NA NA NA NA NA NA NA NA NA NA NA NA NA NA NA NA NA NA NA NA NA NA NA NA NA NA NA NA NA NA NA NA NA NA NA NA NA NA NA NA NA NA NA NA NA NA NA NA NA NA NA NA NA NA NA NA NA NA NA NA NA NA NA NA NA NA NA NA NA NA NA NA NA NA NA NA NA NA NA NA NA NA NA NA NA NA NA NA NA NA NA NA NA NA NA NA NA NA NA NA NA NA NA NA NA NA NA NA NA NA NA NA NA NA NA NA NA NA NA NA NA NA NA NA NA NA NA NA NA NA NA NA NA NA NA NA NA NA NA NA NA NA NA NA NA NA NA NA NA NA NA 72 72 72.25 72.25 71.25 70 69.75 69 68.75 68 68 67.5 67 67 66.75 66.25 66 66 66.25 65.75 65 65.25 65.5 65.5 66.25 66 65.25 65.5 65.5 65.75 65.75 64.75 64.25 64.5 64 62.5 61.25 62 61 61.5 61.5 62 60.5 NA NA NA NA NA NA NA NA NA NA NA NA NA NA NA NA NA NA NA NA NA NA NA NA NA NA NA NA NA NA NA NA 
NA NA NA NA NA NA NA NA NA NA NA NA NA NA NA NA NA NA NA NA NA NA NA NA NA NA NA NA NA NA NA NA NA NA NA NA NA NA NA NA NA NA NA NA NA NA NA NA NA NA NA NA NA NA NA NA NA NA NA NA NA NA NA NA NA NA NA NA NA NA NA NA NA NA NA NA NA NA NA NA NA NA NA NA NA NA NA NA NA NA NA NA NA NA NA NA NA NA NA NA NA NA NA NA NA NA NA NA NA NA NA NA NA NA NA NA NA NA NA NA NA NA NA NA NA NA NA NA NA NA NA NA NA NA NA NA NA NA NA NA NA NA NA NA NA NA NA NA NA NA NA NA NA NA NA NA NA NA NA NA NA NA NA NA NA NA NA NA NA NA NA NA NA 72.5 72 72 72 71.75 71.5 71.25 70 69.25 69 69 68.75 68 68 67.5 67 67 66.25 66.25 66.5 66.5 66 66.75 65.5 65.5 65.75 65.75 66 66 65.75 65.5 65.75 65.5 64.75 64.75 64.75 65 64.25 62.25 61.5 61.5 60.75 60.75 61 60.75 60.25 59.66667 NA NA NA NA NA NA NA NA NA NA NA NA NA NA NA NA NA NA NA NA NA NA NA NA NA NA NA NA NA NA NA 
NA NA NA NA NA NA NA NA NA NA NA NA NA NA NA NA NA NA NA NA NA NA NA NA NA NA NA NA NA NA NA NA NA NA NA NA NA NA NA NA NA NA NA NA NA NA NA NA NA NA NA NA NA NA NA NA NA NA NA NA NA NA NA NA NA NA NA NA NA NA NA NA NA NA NA NA NA NA NA NA NA NA NA NA NA NA NA NA NA NA NA NA NA NA NA NA NA NA NA NA NA NA NA NA NA NA NA NA NA NA NA NA NA NA NA NA NA NA NA NA NA NA NA NA NA NA NA NA NA NA NA NA NA NA NA NA NA NA NA NA NA NA NA NA NA NA NA NA NA NA NA NA NA NA NA NA NA NA NA NA NA NA NA NA NA NA NA NA NA NA NA NA NA 72.5 72 72 72 71.25 71 70.25 69.75 69 69 69 69 68 68 67.5 67 67 67 67 66.25 65.75 66 66.25 65.75 66 66.75 65.5 65.25 65.5 66 65.5 66.25 65.75 64.75 64 64.25 64 63.25 62.75 62 62.5 61.75 60 59.5 59.5 59.5 59 59 NA NA NA NA NA NA NA NA NA NA NA NA NA NA NA NA NA NA NA NA NA NA NA NA NA NA NA NA NA NA 
NA NA NA NA NA NA NA NA NA NA NA NA NA NA NA NA NA NA NA NA NA NA NA NA NA NA NA NA NA NA NA NA NA NA NA NA NA NA NA NA NA NA NA NA NA NA NA NA NA NA NA NA NA NA NA NA NA NA NA NA NA NA NA NA NA NA NA NA NA NA NA NA NA NA NA NA NA NA NA NA NA NA NA NA NA NA NA NA NA NA NA NA NA NA NA NA NA NA NA NA NA NA NA NA NA NA NA NA NA NA NA NA NA NA NA NA NA NA NA NA NA NA NA NA NA NA NA NA NA NA NA NA NA NA NA NA NA NA NA NA NA NA NA NA NA NA NA NA NA NA NA NA NA NA NA NA NA NA NA NA NA NA NA NA NA NA NA NA NA NA NA NA NA 73 72 72 71.75 71.25 70.25 70 70 69.25 69 69 68.75 68 68 67.5 67 67 66.75 66.5 66.25 65.75 65 65.5 65.25 66 65.75 65.5 65.75 65.75 65.5 65.75 65.75 64.5 64.25 63.75 64 63.25 62.25 62.5 61.75 62.25 61.25 61 60.25 59.5 59 59 58.75 59 59 NA NA NA NA NA NA NA NA NA NA NA NA NA NA NA NA NA NA NA NA NA NA NA NA NA NA NA NA 
NA NA NA NA NA NA NA NA NA NA NA NA NA NA NA NA NA NA NA NA NA NA NA NA NA NA NA NA NA NA NA NA NA NA NA NA NA NA NA NA NA NA NA NA NA NA NA NA NA NA NA NA NA NA NA NA NA NA NA NA NA NA NA NA NA NA NA NA NA NA NA NA NA NA NA NA NA NA NA NA NA NA NA NA NA NA NA NA NA NA NA NA NA NA NA NA NA NA NA NA NA NA NA NA NA NA NA NA NA NA NA NA NA NA NA NA NA NA NA NA NA NA NA NA NA NA NA NA NA NA NA NA NA NA NA NA NA NA NA NA NA NA NA NA NA NA NA NA NA NA NA NA NA NA NA NA NA NA NA NA NA NA NA NA NA NA NA NA NA NA NA NA 72.33334 72.25 71.5 71.25 70.25 70 70 70 69.5 69.25 69 68.5 68.25 68 67.75 67 67 67 67 66.75 66.25 66.25 66 65.5 65 64.5 64.5 64.75 64.75 64.25 64.5 65 65.75 64.75 64 63.75 63 62.75 62.25 61.5 61.75 62.25 60.5 59.75 59.25 59 58.75 58 58 58.5 58.5 58.5 NA NA NA NA NA NA NA NA NA NA NA NA NA NA NA NA NA NA NA NA NA NA NA NA NA NA NA 
NA NA NA NA NA NA NA NA NA NA NA NA NA NA NA NA NA NA NA NA NA NA NA NA NA NA NA NA NA NA NA NA NA NA NA NA NA NA NA NA NA NA NA NA NA NA NA NA NA NA NA NA NA NA NA NA NA NA NA NA NA NA NA NA NA NA NA NA NA NA NA NA NA NA NA NA NA NA NA NA NA NA NA NA NA NA NA NA NA NA NA NA NA NA NA NA NA NA NA NA NA NA NA NA NA NA NA NA NA NA NA NA NA NA NA NA NA NA NA NA NA NA NA NA NA NA NA NA NA NA NA NA NA NA NA NA NA NA NA NA NA NA NA NA NA NA NA NA NA NA NA NA NA NA NA NA NA NA NA NA NA NA NA NA NA NA NA NA NA NA NA 71.5 71.25 72 71 70.25 70 70 70 70 69 69 69 68 68 67.75 67 67 67 66.25 66.5 66 66.75 66.5 66.75 66 65.5 65 65.5 64 64.25 64 64 65 65.25 64 64 64.25 63 64 63 62 61.75 61 60.75 60.5 60 59.5 59 57.75 58 58 58 58 58 NA NA NA NA NA NA NA NA NA NA NA NA NA NA NA NA NA NA NA NA NA NA NA NA NA NA 
NA NA NA NA NA NA NA NA NA NA NA NA NA NA NA NA NA NA NA NA NA NA NA NA NA NA NA NA NA NA NA NA NA NA NA NA NA NA NA NA NA NA NA NA NA NA NA NA NA NA NA NA NA NA NA NA NA NA NA NA NA NA NA NA NA NA NA NA NA NA NA NA NA NA NA NA NA NA NA NA NA NA NA NA NA NA NA NA NA NA NA NA NA NA NA NA NA NA NA NA NA NA NA NA NA NA NA NA NA NA NA NA NA NA NA NA NA NA NA NA NA NA NA NA NA NA NA NA NA NA NA NA NA NA NA NA NA NA NA NA NA NA NA NA NA NA NA NA NA NA NA NA NA NA NA NA NA NA NA NA NA NA NA NA NA NA NA NA NA 72 71.5 72 71 71 70.75 70 70 70 70 69.5 69 69 68.25 68 68 68 67 67 66.75 66 66 66 66.5 66.75 67 66.5 66.5 66.25 65.5 65 64.5 64.5 64.5 65.25 65 65 64.75 64 63.5 63.75 62.5 62 61.5 61 61 61.5 60.75 59.25 58.5 58 57.75 58 58 58 NA NA NA NA NA NA NA NA NA NA NA NA NA NA NA NA NA NA NA NA NA NA NA NA NA NA NA 
NA NA NA NA NA NA NA NA NA NA NA NA NA NA NA NA NA NA NA NA NA NA NA NA NA NA NA NA NA NA NA NA NA NA NA NA NA NA NA NA NA NA NA NA NA NA NA NA NA NA NA NA NA NA NA NA NA NA NA NA NA NA NA NA NA NA NA NA NA NA NA NA NA NA NA NA NA NA NA NA NA NA NA NA NA NA NA NA NA NA NA NA NA NA NA NA NA NA NA NA NA NA NA NA NA NA NA NA NA NA NA NA NA NA NA NA NA NA NA NA NA NA NA NA NA NA NA NA NA NA NA NA NA NA NA NA NA NA NA NA NA NA NA NA NA NA NA NA NA NA NA NA NA NA NA NA NA NA NA NA NA NA NA NA NA NA NA NA 73 72 72 72 71.25 71 71 71 70 70 69.75 69 69 68.5 68 68 67.75 67 67 66.75 66.75 66.25 66 66.5 67.25 66.5 66.5 66.5 67 67 66.5 65.75 65.75 65.75 65.5 65.5 64.5 64.75 64.5 64.25 64 63.5 62.25 62 62.5 61 62 61 59.75 59 58.25 58.25 58 57.75 58 58 NA NA NA NA NA NA NA NA NA NA NA NA NA NA NA NA NA NA NA NA NA NA NA NA NA NA NA 
NA NA NA NA NA NA NA NA NA NA NA NA NA NA NA NA NA NA NA NA NA NA NA NA NA NA NA NA NA NA NA NA NA NA NA NA NA NA NA NA NA NA NA NA NA NA NA NA NA NA NA NA NA NA NA NA NA NA NA NA NA NA NA NA NA NA NA NA NA NA NA NA NA NA NA NA NA NA NA NA NA NA NA NA NA NA NA NA NA NA NA NA NA NA NA NA NA NA NA NA NA NA NA NA NA NA NA NA NA NA NA NA NA NA NA NA NA NA NA NA NA NA NA NA NA NA NA NA NA NA NA NA NA NA NA NA NA NA NA NA NA NA NA NA NA NA NA NA NA NA NA NA NA NA NA NA NA NA NA NA NA NA NA NA NA NA NA NA NA 72 71.75 72 71 71 71 70.5 70 70 69.5 69 69 68.25 68 68 67.75 67 67 67 67 67 66.5 66.25 66.75 66 66 65.5 66 67 66 65.75 66 65.5 65.25 64.5 64.5 63.75 63.75 64 64 63.25 62.25 62.5 62.75 62.25 62 61.25 59.75 59 58.75 58.5 58.5 57.75 57.75 NA NA NA NA NA NA NA NA NA NA NA NA NA NA NA NA NA NA NA NA NA NA NA NA NA NA NA NA 
NA NA NA NA NA NA NA NA NA NA NA NA NA NA NA NA NA NA NA NA NA NA NA NA NA NA NA NA NA NA NA NA NA NA NA NA NA NA NA NA NA NA NA NA NA NA NA NA NA NA NA NA NA NA NA NA NA NA NA NA NA NA NA NA NA NA NA NA NA NA NA NA NA NA NA NA NA NA NA NA NA NA NA NA NA NA NA NA NA NA NA NA NA NA NA NA NA NA NA NA NA NA NA NA NA NA NA NA NA NA NA NA NA NA NA NA NA NA NA NA NA NA NA NA NA NA NA NA NA NA NA NA NA NA NA NA NA NA NA NA NA NA NA NA NA NA NA NA NA NA NA NA NA NA NA NA NA NA NA NA NA NA NA NA NA NA NA NA NA 73 72 71.75 71 71 71 70 70 70 69 69 68.25 69 68 67.25 68 67.75 67 67 66.75 66.25 66 66 65.75 65.75 66 65.75 66.25 66.5 66 65.25 65.5 65 65 64 64 63.5 63.5 63 63.25 63.5 63 63 62.75 62.5 62.25 60.75 59.75 59 58.75 58.25 58 58 57 NA NA NA NA NA NA NA NA NA NA NA NA NA NA NA NA NA NA NA NA NA NA NA NA NA NA NA NA 
NA NA NA NA NA NA NA NA NA NA NA NA NA NA NA NA NA NA NA NA NA NA NA NA NA NA NA NA NA NA NA NA NA NA NA NA NA NA NA NA NA NA NA NA NA NA NA NA NA NA NA NA NA NA NA NA NA NA NA NA NA NA NA NA NA NA NA NA NA NA NA NA NA NA NA NA NA NA NA NA NA NA NA NA NA NA NA NA NA NA NA NA NA NA NA NA NA NA NA NA NA NA NA NA NA NA NA NA NA NA NA NA NA NA NA NA NA NA NA NA NA NA NA NA NA NA NA NA NA NA NA NA NA NA NA NA NA NA NA NA NA NA NA NA NA NA NA NA NA NA NA NA NA NA NA NA NA NA NA NA NA NA NA NA NA NA NA NA NA 72 71.5 71.5 71 71 71 70.25 70 70 69 69 69 68.5 68 67.5 67 67 67 67 66.75 66.5 66 66 65.75 65 65 65 65.5 64.75 64.5 64.5 64 64.75 64.5 64 64 63.5 63.75 63.75 63 63.75 63.25 62.25 62 61.5 61 60.75 60.5 59.25 58 58.25 58.33333 58 NA NA NA NA NA NA NA NA NA NA NA NA NA NA NA NA NA NA NA NA NA NA NA NA NA NA NA NA NA 
NA NA NA NA NA NA NA NA NA NA NA NA NA NA NA NA NA NA NA NA NA NA NA NA NA NA NA NA NA NA NA NA NA NA NA NA NA NA NA NA NA NA NA NA NA NA NA NA NA NA NA NA NA NA NA NA NA NA NA NA NA NA NA NA NA NA NA NA NA NA NA NA NA NA NA NA NA NA NA NA NA NA NA NA NA NA NA NA NA NA NA NA NA NA NA NA NA NA NA NA NA NA NA NA NA NA NA NA NA NA NA NA NA NA NA NA NA NA NA NA NA NA NA NA NA NA NA NA NA NA NA NA NA NA NA NA NA NA NA NA NA NA NA NA NA NA NA NA NA NA NA NA NA NA NA NA NA NA NA NA NA NA NA NA NA NA 72 NA 72 71.5 71 71 71 71 71 70 70 70 69.75 69.5 69 68 68 67.75 67 67 67 67 66.5 65.5 65 65 65 65 64.25 64.25 64.75 64 64.25 65 64.75 64.5 65.25 64.5 64 64 63.25 63.5 63.5 63.5 63.25 63 62.25 61.75 61.25 60.25 60 58.75 58.75 58.66667 NA NA NA NA NA NA NA NA NA NA NA NA NA NA NA NA NA NA NA NA NA NA NA NA NA NA NA NA NA NA NA 
NA NA NA NA NA NA NA NA NA NA NA NA NA NA NA NA NA NA NA NA NA NA NA NA NA NA NA NA NA NA NA NA NA NA NA NA NA NA NA NA NA NA NA NA NA NA NA NA NA NA NA NA NA NA NA NA NA NA NA NA NA NA NA NA NA NA NA NA NA NA NA NA NA NA NA NA NA NA NA NA NA NA NA NA NA NA NA NA NA NA NA NA NA NA NA NA NA NA NA NA NA NA NA NA NA NA NA NA NA NA NA NA NA NA NA NA NA NA NA NA NA NA NA NA NA NA NA NA NA NA NA NA NA NA NA NA NA NA NA NA NA NA NA NA NA NA NA NA NA NA NA NA NA NA NA NA NA NA NA NA NA NA NA 75 74 73.33334 72.75 72.75 72.25 71.75 71.25 71.75 71 71 71 70 70 70 70 69.75 69 68 67.75 67.25 67 67 67 66.75 66 65.75 66 65.25 65.25 65 64.75 64 64 64.75 64.75 64.5 65 65.25 65 65 64.25 64.5 63.66667 63 NA 63.5 63.25 62.25 62.25 60.75 60 60 59.5 59.25 60 NA NA NA NA NA NA NA NA NA NA NA NA NA NA NA NA NA NA NA NA NA NA NA NA NA NA NA NA NA NA NA NA 
NA NA NA NA NA NA NA NA NA NA NA NA NA NA NA NA NA NA NA NA NA NA NA NA NA NA NA NA NA NA NA NA NA NA NA NA NA NA NA NA NA NA NA NA NA NA NA NA NA NA NA NA NA NA NA NA NA NA NA NA NA NA NA NA NA NA NA NA NA NA NA NA NA NA NA NA NA NA NA NA NA NA NA NA NA NA NA NA NA NA NA NA NA NA NA NA NA NA NA NA NA NA NA NA NA NA NA NA NA NA NA NA NA NA NA NA NA NA NA NA NA NA NA NA NA NA NA NA NA NA NA NA NA NA NA NA NA NA NA NA NA NA NA NA NA NA NA NA NA NA NA NA NA NA NA NA NA NA NA NA NA NA NA 75 74 73.25 73 72.25 71.75 71.75 71.75 71.25 71 71 71 70 70 69.5 69.75 69 68.25 68 68 67.75 67.75 67 66.5 66 66.25 66.75 66.75 66 65.75 65.5 65 64.75 64 64.25 64 64.5 65 65 65 64.25 64.25 64.66666 NA NA NA 62.25 62.25 61.75 61 61 60 60 59.75 59.5 60 NA NA NA NA NA NA NA NA NA NA NA NA NA NA NA NA NA NA NA NA NA NA NA NA NA NA NA NA NA NA NA NA 
NA NA NA NA NA NA NA NA NA NA NA NA NA NA NA NA NA NA NA NA NA NA NA NA NA NA NA NA NA NA NA NA NA NA NA NA NA NA NA NA NA NA NA NA NA NA NA NA NA NA NA NA NA NA NA NA NA NA NA NA NA NA NA NA NA NA NA NA NA NA NA NA NA NA NA NA NA NA NA NA NA NA NA NA NA NA NA NA NA NA NA NA NA NA NA NA NA NA NA NA NA NA NA NA NA NA NA NA NA NA NA NA NA NA NA NA NA NA NA NA NA NA NA NA NA NA NA NA NA NA NA NA NA NA NA NA NA NA NA NA NA NA NA NA NA NA NA NA NA NA NA NA NA NA NA NA NA NA NA NA NA NA 74 74 74 73 73 72.75 71.75 71.25 71 71 71 71 70.5 70 69.75 69.25 69.5 69 68 68 68 67.75 66.75 66 66.5 NA NA 66 66.5 66.75 66.75 66.25 65.5 64.75 64 64 64.25 64 64.25 64.75 NA NA NA NA NA NA NA NA 62 62 61.25 61 60.5 60.5 60 60 NA NA NA NA NA NA NA NA NA NA NA NA NA NA NA NA NA NA NA NA NA NA NA NA NA NA NA NA NA NA NA NA NA 
NA NA NA NA NA NA NA NA NA NA NA NA NA NA NA NA NA NA NA NA NA NA NA NA NA NA NA NA NA NA NA NA NA NA NA NA NA NA NA NA NA NA NA NA NA NA NA NA NA NA NA NA NA NA NA NA NA NA NA NA NA NA NA NA NA NA NA NA NA NA NA NA NA NA NA NA NA NA NA NA NA NA NA NA NA NA NA NA NA NA NA NA NA NA NA NA NA NA NA NA NA NA NA NA NA NA NA NA NA NA NA NA NA NA NA NA NA NA NA NA NA NA NA NA NA NA NA NA NA NA NA NA NA NA NA NA NA NA NA NA NA NA NA NA NA NA NA NA NA NA NA NA NA NA NA NA NA NA NA NA NA NA NA 74 74 73.25 73 73 71.5 71 70.5 71 71 71 70.5 70 69.5 69.5 69.25 69 68 NA NA 66.75 66.25 66.75 67.25 NA NA NA NA 65.66666 66 66.25 65.75 65 64.25 64 64 64 64 NA NA NA NA NA NA NA NA NA NA 62 61.5 NA NA NA NA NA NA NA NA NA NA NA NA NA NA NA NA NA NA NA NA NA NA NA NA NA NA NA NA NA NA NA NA NA NA NA NA NA NA 
NA NA NA NA NA NA NA NA NA NA NA NA NA NA NA NA NA NA NA NA NA NA NA NA NA NA NA NA NA NA NA NA NA NA NA NA NA NA NA NA NA NA NA NA NA NA NA NA NA NA NA NA NA NA NA NA NA NA NA NA NA NA NA NA NA NA NA NA NA NA NA NA NA NA NA NA NA NA NA NA NA NA NA NA NA NA NA NA NA NA NA NA NA NA NA NA NA NA NA NA NA NA NA NA NA NA NA NA NA NA NA NA NA NA NA NA NA NA NA NA NA NA NA NA NA NA NA NA NA NA NA NA NA NA NA NA NA NA NA NA NA NA NA NA NA NA NA NA NA NA NA NA NA NA NA NA NA NA NA NA NA NA NA NA NA 73.25 72.75 72 71.5 71 70.75 71 71 71 70 70 69.25 69.25 69 68.75 NA NA NA NA NA NA NA NA NA NA NA NA 65.5 NA NA 65 NA NA NA NA NA NA NA NA NA NA NA NA NA NA NA NA NA NA NA NA NA NA NA NA NA NA NA NA NA NA NA NA NA NA NA NA NA NA NA NA NA NA NA NA NA NA NA NA NA NA NA NA NA NA NA 
NA NA NA NA NA NA NA NA NA NA NA NA NA NA NA NA NA NA NA NA NA NA NA NA NA NA NA NA NA NA NA NA NA NA NA NA NA NA NA NA NA NA NA NA NA NA NA NA NA NA NA NA NA NA NA NA NA NA NA NA NA NA NA NA NA NA NA NA NA NA NA NA NA NA NA NA NA NA NA NA NA NA NA NA NA NA NA NA NA NA NA NA NA NA NA NA NA NA NA NA NA NA NA NA NA NA NA NA NA NA NA NA NA NA NA NA NA NA NA NA NA NA NA NA NA NA NA NA NA NA NA NA NA NA NA NA NA NA NA NA NA NA NA NA NA NA NA NA NA NA NA NA NA NA NA NA NA NA NA NA NA NA NA NA NA NA 72.75 72 71.5 71 70.25 71 71 71 70 70 70 69.25 NA NA NA NA NA NA NA NA NA NA NA NA NA NA NA NA NA NA NA NA NA NA NA NA NA NA NA NA NA NA NA NA NA NA NA NA NA NA NA NA NA NA NA NA NA NA NA NA NA NA NA NA NA NA NA NA NA NA NA NA NA NA NA NA NA NA NA NA NA NA NA NA NA 
NA NA NA NA NA NA NA NA NA NA NA NA NA NA NA NA NA NA NA NA NA NA NA NA NA NA NA NA NA NA NA NA NA NA NA NA NA NA NA NA NA NA NA NA NA NA NA NA NA NA NA NA NA NA NA NA NA NA NA NA NA NA NA NA NA NA NA NA NA NA NA NA NA NA NA NA NA NA NA NA NA NA NA NA NA NA NA NA NA NA NA NA NA NA NA NA NA NA NA NA NA NA NA NA NA NA NA NA NA NA NA NA NA NA NA NA NA NA NA NA NA NA NA NA NA NA NA NA NA NA NA NA NA NA NA NA NA NA NA NA NA NA NA NA NA NA NA NA NA NA NA NA NA NA NA NA NA NA NA NA NA NA NA NA NA NA 72.33334 72 71.5 71.25 70 71 71 70.25 70 70 69.75 NA NA NA NA NA NA NA NA NA NA NA NA NA NA NA NA NA NA NA NA NA NA NA NA NA NA NA NA NA NA NA NA NA NA NA NA NA NA NA NA NA NA NA NA NA NA NA NA NA NA NA NA NA NA NA NA NA NA NA NA NA NA NA NA NA NA NA NA NA NA NA NA NA NA 
NA NA NA NA NA NA NA NA NA NA NA NA NA NA NA NA NA NA NA NA NA NA NA NA NA NA NA NA NA NA NA NA NA NA NA NA NA NA NA NA NA NA NA NA NA NA NA NA NA NA NA NA NA NA NA NA NA NA NA NA NA NA NA NA NA NA NA NA NA NA NA NA NA NA NA NA NA NA NA NA NA NA NA NA NA NA NA NA NA NA NA NA NA NA NA NA NA NA NA NA NA NA NA NA NA NA NA NA NA NA NA NA NA NA NA NA NA NA NA NA NA NA NA NA NA NA NA NA NA NA NA NA NA NA NA NA NA NA NA NA NA NA NA NA NA NA NA NA NA NA NA NA NA NA NA NA NA NA NA NA NA NA NA NA NA NA NA NA NA 71 70.5 70 70.25 70 NA NA NA NA NA NA NA NA NA NA NA NA NA NA NA NA NA NA NA NA NA NA NA NA NA NA NA NA NA NA NA NA NA NA NA NA NA NA NA NA NA NA NA NA NA NA NA NA NA NA NA NA NA NA NA NA NA NA NA NA NA NA NA NA NA NA NA NA NA NA NA NA NA NA NA NA NA 
